time_sec,value
6.859562,18.908382
6.986591,18.908382
7.113620,18.908382
7.240649,18.908382
7.367678,18.908382
7.494707,18.908382
7.621736,18.908382
7.748765,18.908382
7.875794,18.908382
8.002823,18.908382
8.129852,18.908382
8.256881,18.908382
12.956951,18.908382
13.083980,18.908382
13.211009,18.908382
13.338038,18.908382
13.465067,18.908382
13.592096,18.908382
13.719125,18.908382
13.846154,18.908382
13.973183,18.908382
14.100212,18.908382
14.227241,18.908382
14.354270,18.908382
14.481299,18.908382
14.608327,18.908382
14.735356,18.388564
14.862385,18.388564
14.989414,18.388564
15.116443,18.388564
15.243472,18.128655
15.370501,18.128655
15.497530,17.868746
15.624559,17.868746
15.751588,17.933723
15.878617,17.933723
16.005646,17.933723
16.132675,17.933723
16.259704,17.933723
16.386733,17.933723
16.513761,17.933723
16.640790,17.933723
16.767819,18.323587
16.894848,18.323587
17.021877,18.583496
17.148906,18.583496
17.275935,18.713450
17.402964,18.713450
17.529993,18.908382
17.657022,18.908382
17.784051,18.908382
17.911080,18.908382
18.038109,18.908382
18.165138,18.908382
18.292167,18.908382
20.959774,18.908382
21.086803,18.908382
21.213832,18.908382
21.340861,18.908382
21.467890,18.908382
21.594919,18.908382
21.721948,18.908382
21.848977,18.908382
21.976006,18.908382
22.103035,18.908382
22.230064,18.908382
22.357092,18.908382
22.484121,18.323587
22.611150,18.323587
22.738179,18.193632
22.865208,18.193632
22.992237,17.933723
23.119266,17.933723
23.246295,17.933723
23.373324,17.933723
24.008469,17.283951
24.135498,17.283951
24.262526,17.283951
24.389555,17.283951
24.516584,17.283951
24.643613,17.283951
24.770642,17.283951
24.897671,17.283951
25.024700,17.153996
25.151729,17.153996
25.786874,15.334633
25.913903,15.334633
26.040932,15.334633
26.167960,15.334633
26.294989,15.334633
26.422018,15.334633
26.549047,15.334633
26.676076,15.334633
26.803105,15.334633
26.930134,15.334633
27.057163,15.074724
27.184192,15.074724
27.311221,14.684860
27.438250,14.684860
27.565279,11.955815
27.692308,11.955815
27.819337,11.955815
27.946366,11.955815
28.073394,11.955815
28.200423,11.955815
28.327452,11.955815
28.454481,11.955815
28.581510,11.565952
28.708539,11.565952
28.835568,10.916179
28.962597,10.916179
29.089626,10.916179
29.216655,10.916179
33.916725,10.656270
34.043754,10.656270
34.170783,10.656270
34.297812,10.656270
34.424841,10.656270
34.551870,10.656270
34.678899,10.656270
34.805928,10.656270
34.932957,10.656270
35.059986,10.656270
35.187015,10.656270
35.314044,10.656270
35.441073,10.656270
35.568102,10.656270
35.695131,10.656270
35.822159,10.656270
35.949188,10.656270
36.076217,10.656270
36.203246,8.187135
36.330275,8.187135
36.457304,8.187135
36.584333,8.187135
36.711362,8.187135
36.838391,8.187135
36.965420,8.187135
37.092449,8.187135
37.219478,7.082521
37.346507,7.082521
37.473536,7.082521
37.600565,7.082521
37.727594,6.692658
37.854622,6.692658
37.981651,6.692658
38.108680,6.692658
38.235709,6.692658
38.362738,6.692658
38.489767,6.692658
38.616796,6.692658
38.743825,6.692658
38.870854,6.692658
38.997883,6.042885
39.124912,6.042885
39.251941,6.042885
39.378970,6.042885
39.505999,5.912930
39.633028,5.912930
39.760056,4.743340
39.887085,4.743340
40.014114,4.743340
40.141143,4.743340
40.268172,4.743340
40.395201,4.743340
41.538462,6.432749
41.665490,6.432749
41.792519,6.432749
41.919548,6.432749
42.046577,6.432749
42.173606,6.432749
42.300635,6.432749
42.427664,6.432749
42.554693,6.302794
42.681722,6.302794
42.808751,6.042885
42.935780,6.042885
43.062809,5.653021
43.189838,5.653021
43.316867,5.523067
43.443896,5.523067
43.570924,5.003249
43.697953,5.003249
43.824982,5.003249
43.952011,5.003249
44.079040,4.743340
44.206069,4.743340
44.333098,4.873294
44.460127,4.873294
44.587156,4.873294
44.714185,4.873294
44.841214,4.873294
44.968243,4.873294
45.095272,4.873294
45.222301,4.873294
45.349330,4.873294
45.476359,4.873294
45.603387,4.743340
45.730416,4.743340
45.857445,4.743340
45.984474,4.743340
46.111503,4.873294
46.238532,4.873294
46.365561,4.873294
46.492590,4.873294
46.619619,4.873294
46.746648,4.873294
46.873677,4.873294
47.000706,4.873294
47.127735,4.873294
47.254764,4.873294
47.381793,4.873294
47.508821,4.873294
47.635850,4.873294
47.762879,4.873294
47.889908,4.873294
48.016937,4.873294
48.143966,4.873294
48.270995,4.873294
48.398024,4.873294
48.525053,4.873294
48.652082,4.873294
48.779111,4.873294
48.906140,4.743340
49.033169,4.743340
49.160198,4.743340
49.287227,4.743340
49.414255,4.873294
49.541284,4.873294
49.668313,4.873294
49.795342,4.873294
49.922371,4.873294
50.049400,4.873294
50.176429,4.873294
50.303458,4.873294
50.430487,4.743340
50.557516,4.743340
50.684545,4.743340
50.811574,4.743340
50.938603,5.653021
51.065632,5.653021
51.192661,5.653021
51.319689,5.653021
51.446718,5.653021
51.573747,5.653021
51.700776,5.653021
51.827805,5.653021
51.954834,5.653021
52.081863,5.653021
52.208892,5.653021
52.335921,5.653021
52.462950,5.653021
52.589979,5.653021
52.717008,5.653021
52.844037,5.653021
52.971066,5.653021
53.098095,5.653021
53.225124,5.653021
53.352152,5.653021
53.479181,5.653021
53.606210,5.653021
53.733239,5.653021
53.860268,5.653021
53.987297,5.653021
54.114326,5.653021
54.241355,5.653021
54.368384,5.653021
54.495413,5.653021
54.622442,5.653021
54.749471,5.653021
54.876500,5.653021
55.003529,5.653021
55.130558,5.653021
55.257586,5.653021
55.384615,5.653021
55.511644,6.367771
55.638673,6.432749
55.765702,6.432749
55.892731,6.432749
56.019760,6.432749
56.146789,6.432749
56.273818,6.432749
56.400847,6.432749
56.527876,6.432749
56.654905,6.432749
56.781934,6.432749
56.908963,6.432749
57.035992,6.432749
57.163020,6.432749
57.290049,6.432749
57.671136,8.187135
57.798165,8.187135
57.925194,8.187135
58.052223,8.187135
58.179252,8.187135
58.306281,8.187135
58.433310,8.187135
58.560339,8.187135
58.687368,8.187135
58.814397,8.187135
58.941426,7.862248
59.068454,7.862248
59.195483,7.862248
59.322512,7.862248
59.449541,7.862248
59.576570,7.797271
59.830628,6.822612
59.957657,6.822612
60.084686,6.757635
61.482004,6.432749
61.609033,6.432749
61.736062,6.432749
61.863091,6.432749
61.990120,6.432749
62.117149,6.432749
62.244178,6.432749
62.371207,6.432749
62.752294,7.472385
62.879323,7.472385
63.006351,7.472385
63.133380,7.472385
63.260409,7.472385
63.387438,7.472385
63.514467,7.472385
63.641496,7.472385
63.768525,7.472385
63.895554,7.407407
64.022583,7.342430
64.149612,7.342430
64.276641,7.342430
64.403670,7.342430
64.530699,6.822612
64.657728,6.822612
64.784757,6.822612
64.911785,6.822612
65.038814,6.822612
65.165843,6.822612
65.292872,6.822612
65.419901,6.822612
65.546930,6.822612
65.673959,6.822612
65.800988,6.822612
65.928017,6.822612
66.055046,6.822612
66.182075,6.822612
66.309104,6.822612
66.436133,6.822612
66.563162,6.822612
66.690191,6.822612
66.817219,6.822612
66.944248,6.822612
67.071277,6.822612
67.198306,6.822612
67.325335,6.822612
67.452364,6.822612
67.579393,6.822612
67.706422,6.757635
67.833451,5.588044
67.960480,5.588044
68.087509,5.588044
68.214538,5.588044
68.341567,5.588044
68.468596,5.588044
68.595625,5.588044
68.722653,5.588044
68.849682,5.588044
68.976711,5.588044
69.103740,5.588044
69.230769,5.588044
69.357798,5.588044
69.484827,5.588044
69.611856,5.588044
69.738885,5.588044
69.865914,5.588044
69.992943,5.588044
70.119972,5.198181
70.247001,5.198181
70.374030,5.198181
70.501059,5.198181
70.628088,5.198181
70.755116,5.198181
70.882145,5.068226
71.009174,5.068226
75.709245,10.656270
75.836274,10.656270
75.963303,10.656270
76.090332,10.656270
76.217361,10.656270
76.344390,10.656270
76.471418,10.656270
76.598447,10.656270
76.725476,10.656270
76.852505,10.656270
76.979534,10.656270
77.106563,10.656270
78.757939,25.406108
78.884968,25.406108
79.011997,25.666017
79.139026,25.666017
79.266055,25.666017
79.393084,25.666017
79.520113,25.666017
79.647142,25.666017
79.774171,25.666017
79.901200,25.666017
80.028229,25.276153
80.155258,25.276153
80.282287,25.276153
80.409315,25.276153
80.536344,25.276153
80.663373,25.276153
80.790402,25.276153
80.917431,25.276153
81.044460,25.146199
81.171489,25.146199
81.806634,16.049383
81.933663,16.049383
82.060692,16.049383
82.187721,16.049383
82.314749,16.049383
82.441778,16.049383
82.568807,16.049383
82.695836,15.984405
82.822865,13.255361
82.949894,13.255361
83.076923,13.255361
83.203952,13.255361
83.330981,13.255361
83.458010,13.255361
83.585039,12.085770
83.712068,12.085770
83.839097,11.695906
83.966126,11.695906
84.093155,11.695906
84.220183,11.695906
84.347212,11.695906
84.474241,11.695906
85.617502,13.645224
85.744531,13.645224
85.871560,13.645224
85.998589,13.645224
86.125618,13.645224
86.252646,13.645224
86.379675,13.645224
86.506704,13.645224
86.633733,13.645224
86.760762,13.645224
86.887791,13.645224
87.014820,13.645224
87.141849,13.645224
87.268878,13.645224
87.395907,13.645224
87.522936,13.645224
87.649965,13.645224
87.776994,13.645224
87.904023,13.645224
88.031052,13.645224
88.158080,13.645224
88.285109,13.645224
88.412138,13.645224
88.539167,13.645224
88.666196,13.645224
88.793225,13.645224
88.920254,13.645224
89.047283,13.645224
92.477064,26.445744
92.604093,26.445744
92.731122,26.445744
92.858151,26.445744
92.985180,26.445744
93.112209,26.445744
93.239238,26.445744
93.366267,26.445744
93.493296,26.445744
93.620325,26.445744
94.255469,22.547109
94.382498,22.547109
94.509527,22.547109
94.636556,22.547109
94.763585,22.547109
94.890614,22.547109
95.017643,22.547109
95.144672,22.482131
95.525759,17.868746
95.652788,17.868746
95.779817,17.868746
95.906845,17.868746
96.033874,17.868746
96.160903,17.868746
96.287932,17.868746
96.414961,17.803769
96.541990,17.478882
96.669019,17.218973
96.796048,17.218973
96.923077,17.153996
97.050106,17.153996
97.177135,17.153996
97.304164,17.153996
97.431193,17.153996
97.558222,17.153996
97.685251,17.153996
97.812279,16.764133
97.939308,16.764133
98.066337,16.764133
98.193366,16.504224
98.320395,16.504224
101.877205,14.684860
102.004234,14.684860
102.131263,14.684860
102.258292,14.684860
102.385321,14.684860
102.512350,14.684860
102.639379,14.684860
102.766408,14.684860
102.893437,14.684860
103.020466,14.684860
103.147495,14.684860
103.274524,14.814815
103.401553,14.814815
103.528582,14.814815
103.655610,14.814815
103.782639,14.814815
103.909668,14.814815
104.036697,14.814815
104.163726,14.814815
104.290755,14.814815
104.417784,14.814815
105.052929,15.594542
105.179958,15.594542
105.306987,15.594542
105.434016,15.594542
105.561044,15.594542
105.688073,15.594542
105.815102,15.594542
105.942131,15.594542
106.069160,15.594542
106.196189,15.594542
106.323218,15.594542
106.450247,15.594542
106.577276,15.464587
106.704305,15.464587
106.831334,15.204678
106.958363,15.204678
107.085392,14.944769
107.212421,14.944769
107.339450,14.944769
107.466478,14.944769
107.593507,14.684860
107.720536,14.619883
108.482710,12.865497
108.609739,12.865497
108.736768,12.865497
108.863797,12.865497
108.990826,12.865497
109.117855,12.865497
109.244884,12.865497
109.371912,12.995452
109.498941,12.995452
109.625970,12.995452
109.752999,12.995452
109.880028,12.995452
110.007057,12.995452
110.134086,12.995452
110.261115,12.995452
110.388144,12.995452
110.515173,12.995452
110.642202,12.995452
110.769231,12.930474
110.896260,12.865497
111.023289,12.865497
111.150318,12.865497
111.277347,12.865497
111.404375,12.865497
111.531404,12.865497
111.658433,12.865497
111.785462,12.865497
111.912491,12.865497
112.039520,12.865497
112.166549,12.800520
112.293578,12.800520
112.420607,12.800520
112.547636,12.800520
112.674665,12.800520
112.801694,12.800520
112.928723,2.144250
113.055752,12.735543
113.182781,12.800520
113.309809,12.865497
113.436838,12.865497
113.563867,12.865497
113.690896,12.865497
113.817925,12.865497
113.944954,12.865497
114.071983,12.865497
114.199012,12.150747
114.326041,12.150747
114.453070,12.150747
114.580099,12.150747
114.707128,12.150747
114.834157,12.150747
114.961186,11.760884
115.088215,11.760884
115.215243,11.760884
115.342272,11.760884
115.469301,11.760884
115.596330,11.760884
115.723359,11.760884
115.850388,11.760884
115.977417,11.760884
116.104446,11.760884
116.485533,2.144250
116.612562,2.144250
116.739591,11.760884
116.866620,11.760884
116.993649,11.760884
117.120677,11.760884
117.247706,11.760884
117.374735,11.760884
117.501764,11.760884
117.628793,11.760884
117.755822,11.760884
117.882851,11.760884
118.009880,11.760884
118.136909,11.760884
118.263938,11.500975
118.390967,11.500975
148.496824,7.862248
148.623853,7.927225
148.750882,7.927225
148.877911,7.927225
149.004940,7.927225
149.131969,7.927225
149.258998,7.927225
149.386027,7.927225
149.513056,7.927225
149.640085,7.927225
149.767114,7.927225
149.894143,7.927225
150.021171,7.927225
150.148200,7.927225
150.275229,7.927225
150.783345,7.862248
150.910374,7.927225
151.037403,7.927225
151.164432,7.927225
151.291461,7.927225
151.418490,7.927225
151.545519,7.927225
151.672548,7.927225
151.799577,7.927225
151.926606,7.927225
152.053634,7.927225
152.180663,7.927225
152.307692,7.927225
152.434721,7.927225
152.561750,7.927225
152.688779,7.927225
152.815808,7.927225
152.942837,7.927225
153.069866,7.927225
154.213126,7.927225
154.340155,7.927225
154.467184,7.927225
154.594213,7.927225
154.721242,7.927225
154.848271,7.927225
154.975300,7.927225
155.102329,7.927225
155.229358,7.927225
155.356387,7.927225
155.483416,7.927225
155.610445,7.927225
155.737474,7.927225
155.864502,7.927225
155.991531,7.927225
156.118560,7.927225
156.245589,7.927225
156.372618,7.927225
156.499647,7.927225
156.626676,7.927225
156.753705,7.927225
156.880734,7.927225
185.970360,23.001949
186.097389,23.001949
186.224418,23.001949
186.478476,34.437947
186.605505,34.437947
186.732534,37.556855
186.859562,37.556855
186.986591,37.556855
187.113620,37.556855
187.240649,39.571150
187.367678,39.571150
187.494707,39.571150
187.621736,39.571150
187.748765,39.571150
187.875794,39.571150
188.002823,39.571150
188.129852,39.571150
188.256881,39.571150
188.383910,39.571150
188.510939,37.037037
188.637968,37.037037
188.764996,37.037037
188.892025,37.037037
189.019054,37.037037
189.146083,37.037037
189.273112,34.048083
189.400141,34.048083
189.527170,34.048083
189.654199,34.048083
189.781228,33.788174
189.908257,33.788174
190.035286,31.838856
190.162315,31.838856
190.289344,31.838856
190.416373,31.838856
190.543402,31.319038
190.670430,31.319038
191.813691,21.572450
191.940720,21.572450
192.067749,21.572450
192.194778,21.572450
192.321807,21.572450
192.448836,21.572450
192.575865,21.572450
192.702893,21.572450
193.592096,15.984405
193.719125,15.984405
193.846154,15.984405
193.973183,15.984405
194.100212,15.984405
194.227241,15.984405
194.354270,15.984405
194.481299,15.919428
194.608327,14.230019
194.735356,14.230019
194.862385,14.230019
194.989414,14.230019
195.116443,13.710201
195.243472,13.710201
195.370501,13.190383
195.497530,13.190383
195.624559,12.280702
195.751588,12.280702
195.878617,12.280702
196.005646,12.280702
196.132675,12.150747
196.259704,12.150747
196.386733,11.890838
196.513761,11.890838
196.640790,11.630929
196.767819,11.630929
196.894848,11.241066
197.021877,11.241066
197.148906,10.981157
197.275935,10.981157
197.402964,10.981157
197.529993,10.981157
197.657022,11.111111
197.784051,11.111111
197.911080,11.111111
198.038109,11.111111
198.165138,11.111111
198.292167,11.111111
198.419195,11.111111
198.546224,11.111111
198.673253,11.111111
198.800282,11.111111
198.927311,11.111111
199.054340,11.111111
199.689485,11.111111
199.816514,11.111111
199.943543,11.111111
200.070572,11.111111
200.197601,11.111111
200.324629,11.111111
200.451658,11.111111
200.578687,11.111111
200.705716,11.111111
200.832745,11.111111
200.959774,11.111111
201.086803,11.111111
201.213832,11.111111
201.340861,11.111111
201.467890,11.111111
201.594919,11.111111
201.721948,11.176088
201.848977,11.241066
201.976006,11.241066
202.103035,11.241066
202.230064,11.241066
202.357092,11.241066
202.484121,11.241066
202.611150,11.241066
202.738179,10.981157
202.865208,10.981157
213.535639,8.057180
213.662668,8.057180
213.789697,8.057180
213.916725,8.057180
214.043754,8.057180
214.170783,8.057180
214.297812,8.057180
214.424841,8.057180
214.551870,7.927225
214.678899,7.992203
214.805928,8.057180
214.932957,8.057180
215.059986,8.057180
215.187015,8.057180
215.314044,8.057180
215.441073,8.057180
215.568102,8.057180
215.695131,8.057180
215.822159,8.057180
215.949188,8.057180
216.076217,8.057180
216.203246,8.057180
216.330275,7.927225
216.457304,7.927225
216.584333,7.927225
216.711362,7.927225
216.838391,7.927225
216.965420,7.927225
217.092449,7.927225
217.219478,7.927225
217.346507,7.927225
217.473536,7.927225
217.600565,7.927225
217.727594,7.927225
217.854622,7.927225
217.981651,7.992203
218.108680,8.057180
218.235709,8.057180
218.362738,8.057180
218.489767,8.057180
218.616796,8.057180
218.743825,8.057180
218.870854,8.057180
218.997883,8.057180
219.124912,8.057180
219.251941,8.057180
219.378970,8.057180
219.505999,8.057180
219.633028,8.057180
219.760056,8.057180
219.887085,7.927225
220.014114,7.927225
220.141143,8.057180
220.268172,8.057180
220.395201,8.057180
220.522230,8.057180
220.649259,8.057180
220.776288,8.057180
220.903317,8.057180
221.030346,8.057180
221.157375,8.057180
221.284404,8.057180
221.411433,8.057180
221.538462,8.057180
221.665490,8.057180
221.792519,8.057180
221.919548,8.057180
222.046577,8.057180
222.173606,8.057180
222.300635,8.057180
222.427664,8.057180
222.554693,8.057180
236.654905,1.039636
236.781934,1.039636
236.908963,1.039636
237.035992,1.039636
237.163020,1.039636
237.290049,1.039636
237.417078,1.039636
269.682428,10.851202
269.809457,10.851202
269.936486,10.851202
270.063514,10.851202
270.190543,10.851202
270.317572,10.851202
270.444601,10.851202
270.571630,10.851202
270.698659,10.851202
270.825688,10.851202
270.952717,10.851202
271.079746,10.851202
271.206775,10.851202
271.333804,10.851202
271.460833,10.851202
271.587862,10.851202
271.714891,10.851202
271.841920,10.851202
271.968948,10.851202
272.095977,10.851202
272.223006,10.721248
272.350035,10.721248
272.477064,10.721248
272.604093,10.721248
272.731122,10.721248
272.858151,10.721248
272.985180,10.721248
273.112209,10.721248
273.239238,10.721248
273.366267,10.721248
274.255469,10.656270
274.382498,10.721248
274.509527,10.721248
274.636556,10.721248
274.763585,10.786225
274.890614,10.851202
275.017643,10.851202
275.144672,10.851202
275.271701,10.851202
275.398730,10.851202
275.525759,10.851202
275.652788,10.851202
275.779817,10.851202
275.906845,10.851202
276.033874,10.851202
276.160903,10.851202
276.287932,10.851202
276.414961,10.851202
276.541990,10.851202
276.669019,10.851202
276.796048,10.851202
276.923077,10.851202
277.050106,10.721248
277.177135,10.721248
277.304164,10.721248
277.431193,10.721248
277.558222,10.786225
277.685251,10.851202
277.812279,10.851202
277.939308,10.851202
278.066337,10.851202
278.193366,10.851202
278.320395,10.851202
278.447424,10.851202
278.574453,10.851202
278.701482,10.851202
278.828511,10.851202
278.955540,10.851202
279.082569,10.851202
279.209598,10.851202
279.336627,10.851202
279.463656,10.851202
279.590685,10.851202
279.717713,10.851202
279.844742,10.851202
280.098800,10.851202
280.225829,10.851202
280.352858,10.851202
280.479887,10.851202
280.606916,10.851202
280.733945,10.851202
280.860974,10.851202
280.988003,10.851202
281.115032,10.851202
281.242061,10.851202
281.369090,10.851202
281.496119,10.851202
281.623147,10.851202
281.750176,10.851202
281.877205,10.851202
282.004234,10.851202
282.131263,10.851202
282.258292,10.851202
282.385321,10.851202
282.512350,10.851202
282.639379,10.851202
282.766408,10.851202
282.893437,10.851202
283.020466,10.851202
283.147495,10.851202
283.274524,10.851202
283.401553,10.851202
283.528582,10.851202
283.655610,10.851202
283.782639,10.851202
283.909668,10.851202
284.036697,10.851202
284.163726,10.851202
284.290755,10.786225
284.417784,10.786225
284.544813,10.786225
284.671842,10.786225
284.798871,10.786225
284.925900,10.786225
285.052929,10.786225
285.179958,10.786225
285.306987,10.786225
285.434016,10.786225
285.561044,10.786225
285.688073,10.916179
285.815102,10.916179
285.942131,10.916179
286.069160,10.916179
286.196189,10.916179
286.323218,10.916179
286.450247,10.916179
286.577276,10.786225
286.704305,10.786225
286.831334,10.786225
286.958363,10.786225
287.085392,10.786225
287.212421,10.786225
287.339450,10.786225
287.466478,10.786225
287.593507,10.786225
287.720536,10.786225
287.847565,10.786225
287.974594,10.786225
288.101623,10.786225
288.228652,10.786225
288.355681,10.786225
288.482710,10.786225
288.609739,10.786225
288.736768,10.786225
288.863797,10.786225
288.990826,10.851202
289.117855,10.916179
289.244884,10.916179
289.371912,10.916179
289.498941,10.916179
289.625970,10.916179
289.752999,10.916179
289.880028,10.916179
290.007057,10.916179
290.134086,10.916179
290.261115,10.916179
290.388144,10.786225
290.515173,10.786225
290.642202,10.786225
290.769231,10.786225
290.896260,10.786225
291.023289,10.786225
291.150318,10.786225
291.277347,10.786225
291.404375,10.786225
291.531404,10.786225
291.658433,10.786225
291.785462,10.786225
291.912491,10.786225
292.039520,10.786225
292.166549,10.786225
292.293578,10.786225
292.420607,10.786225
292.547636,10.786225
292.674665,10.786225
292.801694,10.786225
292.928723,10.786225
293.055752,10.786225
293.182781,10.786225
293.309809,10.786225
293.436838,10.786225
293.563867,10.786225
293.690896,10.786225
293.817925,10.786225
293.944954,10.786225
294.071983,10.786225
294.199012,10.656270
294.326041,10.656270
294.453070,10.656270
294.580099,10.656270
294.707128,10.656270
294.834157,10.721248
294.961186,10.786225
295.088215,10.851202
295.215243,10.916179
295.342272,10.916179
295.469301,10.916179
295.596330,10.916179
295.723359,10.916179
295.850388,10.916179
295.977417,10.916179
296.104446,10.916179
296.231475,10.916179
296.358504,10.916179
296.485533,10.786225
296.612562,10.851202
296.739591,10.851202
296.866620,10.851202
296.993649,10.851202
297.120677,10.851202
297.247706,10.851202
297.374735,10.851202
297.501764,10.786225
297.628793,10.786225
297.755822,10.786225
297.882851,10.786225
298.009880,10.656270
298.136909,10.656270
298.263938,10.786225
298.390967,10.786225
298.517996,10.786225
298.645025,10.786225
298.772054,10.786225
298.899083,10.786225
299.026112,10.786225
299.153140,10.786225
299.280169,10.786225
299.407198,10.786225
299.534227,10.786225
299.661256,10.786225
322.780522,10.656270
322.907551,10.656270
323.034580,10.656270
323.161609,10.656270
323.288638,10.786225
323.415667,10.786225
323.542696,10.786225
323.669725,10.786225
323.796754,10.786225
323.923783,10.786225
324.050812,10.786225
324.304869,11.695906
324.431898,12.020793
324.558927,12.085770
324.685956,12.085770
324.812985,12.085770
324.940014,12.085770
325.067043,12.085770
325.194072,12.085770
325.321101,12.085770
325.829217,14.554906
325.956246,14.554906
326.083275,14.554906
326.337332,14.944769
326.464361,15.009747
326.591390,15.009747
326.718419,15.009747
326.845448,15.009747
326.972477,15.009747
327.099506,15.009747
327.226535,15.009747
327.353564,15.009747
327.480593,15.009747
327.607622,15.009747
327.734651,15.009747
327.861680,15.009747
327.988709,14.359974
328.115737,14.359974
328.242766,14.359974
328.369795,14.359974
328.496824,14.230019
328.623853,14.230019
328.750882,13.840156
328.877911,13.840156
329.004940,13.840156
329.131969,13.840156
329.258998,13.580247
329.386027,13.580247
329.513056,13.190383
329.640085,13.190383
329.767114,13.190383
329.894143,13.190383
330.021171,12.930474
330.148200,12.930474
330.275229,11.890838
330.402258,11.890838
330.529287,11.111111
330.656316,11.111111
330.783345,11.111111
330.910374,11.111111
345.264644,10.851202
345.391673,10.851202
345.518701,10.851202
345.645730,10.851202
345.772759,10.851202
345.899788,10.851202
346.026817,10.851202
346.153846,10.851202
346.280875,10.851202
346.407904,10.851202
346.534933,12.020793
346.661962,12.020793
346.788991,12.020793
346.916020,12.020793
347.043049,12.020793
347.170078,12.020793
347.297107,12.020793
347.424135,12.020793
347.551164,12.020793
347.678193,12.020793
347.805222,12.020793
347.932251,12.020793
348.059280,12.020793
348.186309,12.020793
348.313338,12.020793
348.440367,12.020793
348.567396,12.020793
348.694425,12.020793
348.821454,12.020793
348.948483,12.020793
349.075512,12.020793
349.202541,12.020793
349.329570,12.020793
349.456598,12.020793
349.583627,12.020793
349.710656,12.020793
349.837685,12.020793
349.964714,12.020793
350.091743,12.020793
350.218772,12.020793
350.345801,12.020793
350.472830,12.020793
350.599859,12.020793
350.726888,12.020793
350.853917,12.020793
350.980946,12.020793
351.107975,12.020793
351.235004,12.020793
351.362032,12.020793
351.489061,12.020793
351.616090,12.020793
351.743119,12.020793
351.870148,12.020793
351.997177,12.020793
352.124206,12.020793
352.251235,12.020793
352.378264,12.020793
352.505293,12.020793
353.013409,11.111111
353.140438,11.111111
353.267466,11.111111
353.394495,11.241066
353.521524,11.241066
353.648553,11.241066
353.775582,11.241066
353.902611,11.241066
354.029640,11.241066
354.156669,11.241066
354.283698,11.241066
354.410727,11.241066
354.537756,11.176088
354.664785,11.176088
354.791814,11.176088
354.918843,11.176088
355.045872,11.176088
355.172900,11.306043
355.299929,11.306043
355.426958,11.306043
355.553987,11.306043
355.681016,11.306043
355.808045,11.306043
355.935074,11.955815
356.062103,11.955815
356.189132,11.955815
356.316161,11.955815
356.443190,11.955815
356.570219,11.955815
356.697248,11.955815
356.824277,11.955815
356.951306,12.085770
357.078335,12.085770
357.205363,12.085770
357.332392,12.085770
357.459421,12.085770
357.586450,12.085770
357.713479,12.085770
357.840508,12.085770
357.967537,12.085770
358.094566,12.085770
358.221595,12.085770
358.348624,12.085770
358.475653,12.085770
358.602682,12.085770
358.729711,12.085770
358.856740,12.085770
358.983769,12.085770
359.110797,12.085770
359.237826,11.955815
359.364855,11.955815
359.491884,11.955815
359.618913,11.955815
359.745942,12.735543
359.872971,12.735543
360.000000,12.735543
360.127029,12.735543
360.254058,12.735543
360.381087,12.735543
360.508116,12.735543
360.635145,12.735543
361.778405,12.735543
361.905434,12.735543
362.032463,12.735543
362.159492,12.735543
362.286521,12.735543
362.413550,12.735543
362.540579,12.865497
362.667608,12.865497
362.794637,12.865497
362.921665,12.865497
363.048694,12.865497
363.175723,12.865497
363.302752,12.865497
363.429781,12.865497
363.556810,12.865497
363.683839,12.865497
363.810868,12.865497
363.937897,12.865497
364.064926,12.865497
364.191955,12.865497
364.318984,12.865497
364.446013,12.865497
364.573042,12.865497
364.700071,12.865497
364.827100,12.865497
364.954128,12.865497
365.081157,12.865497
365.208186,12.865497
365.335215,12.865497
365.462244,12.865497
365.589273,12.865497
365.716302,12.865497
365.843331,12.865497
365.970360,12.865497
366.097389,12.865497
366.224418,12.865497
366.351447,12.865497
366.478476,12.865497
366.605505,12.865497
366.732534,12.865497
366.859562,12.865497
366.986591,12.865497
367.113620,12.865497
367.240649,12.865497
367.621736,13.905133
367.748765,13.905133
367.875794,13.905133
368.002823,13.905133
368.129852,13.905133
368.256881,13.905133
368.383910,13.905133
368.510939,13.905133
368.637968,13.905133
368.764996,13.905133
368.892025,13.905133
369.019054,13.905133
369.146083,13.905133
369.273112,13.905133
369.400141,13.905133
369.527170,13.905133
369.654199,13.905133
369.781228,13.905133
369.908257,13.905133
370.035286,13.905133
370.162315,13.905133
370.289344,13.905133
370.416373,13.905133
370.543402,13.905133
370.670430,13.905133
370.797459,13.905133
370.924488,13.905133
371.051517,13.905133
371.178546,13.905133
371.305575,13.905133
371.432604,13.905133
371.559633,13.905133
371.686662,13.905133
371.813691,13.905133
372.448836,15.724496
372.575865,15.724496
372.702893,15.854451
372.829922,15.854451
372.956951,15.854451
373.083980,15.854451
373.211009,16.374269
373.338038,16.374269
373.465067,16.634178
373.592096,16.634178
373.719125,16.634178
373.846154,16.634178
373.973183,16.634178
374.100212,16.634178
374.227241,16.634178
374.354270,16.634178
374.735356,18.323587
374.862385,18.323587
374.989414,18.323587
375.116443,18.323587
375.243472,18.323587
375.370501,18.323587
375.497530,18.323587
375.624559,18.323587
381.340861,26.120858
381.467890,26.120858
381.594919,26.120858
381.721948,26.120858
381.848977,26.120858
381.976006,26.120858
382.103035,26.120858
382.230064,26.120858
382.357092,26.120858
382.484121,26.120858
382.611150,26.120858
382.738179,26.120858
383.881440,28.200130
384.008469,28.200130
384.135498,28.200130
384.262526,28.200130
384.389555,28.200130
384.516584,28.200130
384.643613,28.200130
384.770642,28.200130
384.897671,28.200130
385.024700,28.200130
385.151729,28.200130
385.278758,28.200130
385.405787,28.200130
385.532816,28.200130
385.659845,28.200130
385.786874,28.200130
385.913903,28.200130
386.040932,28.200130
386.167960,28.200130
386.294989,28.200130
386.422018,28.200130
386.549047,28.200130
386.676076,28.200130
386.803105,28.200130
386.930134,28.200130
387.057163,28.200130
387.184192,28.200130
387.311221,28.200130
387.438250,28.200130
387.565279,28.200130
387.692308,28.070175
387.819337,28.070175
387.946366,28.070175
388.073394,28.070175
388.200423,28.719948
388.327452,28.719948
388.454481,28.719948
388.581510,28.719948
388.708539,28.719948
388.835568,28.719948
388.962597,28.719948
389.089626,28.719948
394.805928,31.319038
394.932957,31.319038
395.059986,31.319038
395.187015,31.319038
395.314044,31.319038
395.441073,31.319038
395.568102,31.319038
395.695131,31.319038
397.854622,31.319038
397.981651,31.319038
398.108680,31.319038
398.235709,31.319038
398.362738,31.319038
398.489767,31.319038
398.616796,31.319038
398.743825,31.319038
398.870854,31.319038
398.997883,31.319038
399.124912,31.319038
399.251941,31.319038
399.378970,31.319038
399.505999,31.319038
399.633028,31.319038
399.760056,31.319038
399.887085,31.319038
400.014114,31.319038
400.141143,31.319038
400.268172,31.319038
400.395201,31.319038
400.522230,31.319038
400.649259,32.488629
400.776288,32.488629
400.903317,32.488629
401.030346,32.488629
401.157375,32.488629
401.284404,32.488629
401.411433,32.488629
401.538462,32.488629
401.665490,32.488629
401.792519,32.488629
401.919548,32.488629
402.046577,32.488629
402.173606,32.488629
402.300635,32.488629
402.427664,32.488629
402.554693,32.488629
402.681722,32.488629
402.808751,32.488629
402.935780,32.488629
403.062809,32.488629
403.189838,33.138402
403.316867,33.138402
403.443896,33.398311
403.570924,33.398311
403.697953,33.398311
403.824982,33.398311
403.952011,33.398311
404.079040,33.398311
404.206069,33.398311
404.333098,33.398311
404.587156,33.008447
404.714185,32.878493
404.841214,32.878493
404.968243,33.463288
405.095272,33.528265
405.222301,33.593242
405.349330,33.658220
405.476359,33.658220
405.603387,33.658220
405.730416,33.658220
405.857445,33.658220
405.984474,33.658220
406.111503,33.658220
406.238532,33.658220
406.365561,33.658220
406.492590,33.658220
406.619619,33.658220
406.746648,33.658220
406.873677,33.593242
407.000706,33.398311
407.127735,33.008447
407.254764,33.008447
407.381793,32.943470
407.508821,32.943470
407.635850,32.943470
407.762879,32.943470
407.889908,32.943470
408.016937,32.943470
408.143966,32.943470
408.270995,32.943470
408.398024,32.943470
408.525053,32.748538
408.652082,32.683561
408.779111,32.488629
408.906140,32.423652
409.033169,32.228720
409.160198,32.163743
409.287227,31.968811
409.414255,31.903834
409.541284,31.838856
409.668313,31.773879
409.795342,31.643925
409.922371,31.643925
411.573747,28.784925
411.700776,28.784925
411.827805,28.784925
411.954834,28.784925
412.081863,28.784925
412.208892,28.784925
412.335921,28.784925
412.462950,28.784925
412.589979,28.654971
412.717008,28.654971
412.844037,28.654971
412.971066,28.654971
413.098095,28.654971
413.225124,28.654971
413.352152,28.654971
413.479181,28.654971
413.606210,28.654971
413.733239,28.654971
413.860268,28.654971
413.987297,28.654971
414.114326,28.654971
414.241355,28.654971
414.368384,28.654971
414.495413,28.654971
417.417078,26.705653
417.544107,26.705653
417.671136,26.705653
417.798165,26.705653
417.925194,26.705653
418.052223,26.705653
418.179252,26.705653
418.306281,26.705653
418.433310,26.705653
418.560339,26.705653
418.687368,26.705653
418.814397,26.705653
418.941426,26.575699
419.068454,26.575699
420.211715,25.536062
420.338744,25.536062
420.465773,25.536062
420.592802,25.536062
420.719831,25.536062
420.846860,25.536062
420.973888,25.536062
421.100917,25.536062
421.227946,24.626381
421.354975,24.626381
421.482004,24.626381
421.609033,24.626381
421.736062,24.626381
421.863091,24.626381
430.628088,18.453541
430.755116,18.453541
430.882145,18.453541
431.009174,18.453541
431.136203,18.453541
431.263232,18.453541
431.390261,18.453541
431.517290,18.453541
431.644319,18.258609
431.771348,18.193632
434.693013,15.204678
434.820042,15.204678
434.947071,15.204678
435.074100,15.204678
435.201129,15.204678
435.328158,15.204678
435.455187,15.204678
435.582216,15.204678
435.709245,15.074724
435.836274,15.074724
435.963303,15.074724
436.090332,15.074724
436.217361,15.074724
436.344390,15.074724
436.471418,15.074724
436.598447,15.074724
436.725476,14.684860
436.852505,14.684860
436.979534,14.684860
437.106563,14.684860
437.233592,14.554906
437.360621,14.554906
437.487650,14.424951
437.614679,14.424951
437.741708,14.294997
437.868737,14.294997
437.995766,14.294997
438.122795,14.294997
438.249824,14.424951
438.376853,14.424951
438.503881,14.424951
438.630910,14.424951
438.757939,14.424951
438.884968,14.424951
439.011997,14.424951
439.139026,14.424951
439.266055,14.424951
439.393084,14.424951
439.520113,14.294997
439.647142,14.294997
440.282287,14.424951
440.409315,14.424951
440.536344,14.424951
440.663373,14.424951
440.790402,14.424951
440.917431,14.424951
441.044460,14.424951
441.171489,14.424951
441.298518,13.515270
441.425547,13.515270
441.552576,13.515270
441.679605,13.515270
441.806634,13.515270
441.933663,13.515270
446.125618,15.204678
446.252646,15.204678
446.379675,15.204678
446.506704,15.204678
446.633733,15.204678
446.760762,15.204678
446.887791,15.204678
447.014820,15.204678
447.141849,15.074724
447.268878,15.074724
466.450247,7.082521
466.577276,7.082521
466.704305,7.082521
466.831334,7.082521
466.958363,7.082521
467.085392,7.082521
467.212421,7.082521
467.339450,7.082521
467.974594,7.082521
468.101623,7.082521
468.228652,7.082521
468.355681,7.082521
468.482710,7.082521
468.609739,7.082521
468.736768,7.082521
468.863797,7.082521
468.990826,7.082521
469.117855,7.082521
469.244884,7.082521
469.371912,7.082521
469.498941,7.082521
469.625970,7.082521
469.752999,7.082521
469.880028,7.082521
470.007057,7.082521
470.134086,7.082521
470.261115,7.082521
470.388144,7.082521
470.515173,7.082521
470.642202,7.082521
470.769231,7.082521
470.896260,7.082521
471.023289,7.082521
471.150318,7.082521
471.277347,7.082521
471.404375,7.082521
471.531404,7.082521
471.658433,7.082521
471.785462,7.082521
471.912491,7.082521
472.039520,7.082521
472.166549,7.082521
472.293578,7.082521
472.420607,7.082521
472.547636,7.082521
472.674665,7.082521
472.801694,7.082521
472.928723,7.082521
491.347918,7.017544
491.474947,7.017544
491.601976,7.017544
491.729005,7.017544
491.856034,7.017544
491.983063,7.017544
492.110092,7.017544
492.237121,7.017544
492.364150,7.017544
492.491179,7.017544
492.618207,7.017544
492.745236,7.017544
492.872265,7.017544
492.999294,7.017544
493.126323,7.017544
493.253352,7.017544
493.380381,7.017544
493.507410,7.017544
493.634439,7.017544
493.761468,7.017544
493.888497,7.017544
494.015526,7.017544
495.666902,7.017544
495.793931,7.017544
495.920960,7.017544
496.047989,7.017544
496.175018,7.017544
496.302047,7.017544
496.429076,7.017544
496.556104,7.017544
496.683133,7.017544
496.810162,7.017544
496.937191,7.017544
497.064220,7.017544
497.191249,7.017544
497.318278,7.017544
497.445307,7.017544
497.572336,7.017544
497.699365,7.017544
497.826394,7.017544
497.953423,7.017544
498.080452,7.017544
498.207481,7.017544
498.334510,7.017544
498.461538,7.017544
498.588567,7.017544
498.715596,7.017544
498.842625,7.017544
501.510233,7.797271
501.637262,7.797271
501.764291,7.797271
501.891320,7.797271
502.018349,7.797271
502.145378,7.797271
502.272406,7.797271
502.399435,7.797271
502.526464,7.797271
502.653493,7.797271
502.780522,7.797271
502.907551,7.797271
503.034580,7.797271
503.161609,7.797271
503.288638,7.797271
503.415667,7.797271
503.542696,7.797271
503.669725,7.797271
503.796754,7.797271
503.923783,7.797271
504.050812,7.797271
504.177841,7.797271
504.304869,7.797271
504.431898,7.797271
510.910374,7.797271
511.037403,7.797271
511.164432,7.797271
511.291461,7.797271
511.418490,7.797271
511.545519,7.797271
511.672548,7.797271
511.799577,7.797271
511.926606,7.797271
512.053634,7.797271
512.180663,7.797271
512.307692,7.797271
512.434721,7.797271
512.561750,7.797271
512.688779,7.797271
512.815808,7.797271
512.942837,7.797271
513.069866,7.797271
513.196895,7.797271
513.323924,7.797271
513.450953,7.797271
513.577982,7.797271
513.705011,7.797271
513.832040,7.797271
513.959068,7.797271
514.086097,7.797271
514.467184,7.797271
514.594213,7.797271
514.721242,7.797271
514.848271,7.797271
514.975300,7.797271
515.102329,7.797271
515.229358,7.797271
515.356387,7.797271
515.483416,7.797271
515.610445,7.797271
515.737474,7.797271
515.864502,7.797271
515.991531,7.797271
516.118560,7.797271
516.245589,7.797271
516.372618,7.797271
516.499647,7.797271
516.626676,7.797271
516.753705,7.797271
516.880734,7.797271
517.007763,7.797271
517.134792,7.797271
517.261821,7.797271
517.388850,7.797271
517.515879,7.797271
517.642908,7.797271
517.769936,7.797271
517.896965,7.797271
518.023994,7.797271
518.151023,7.797271
518.278052,7.927225
518.405081,7.927225
518.532110,7.927225
518.659139,7.927225
518.786168,7.927225
518.913197,7.927225
519.040226,7.927225
519.167255,7.927225
519.294284,7.927225
519.421313,7.927225
519.548342,7.927225
519.675371,7.927225
519.802399,7.927225
519.929428,7.927225
520.056457,7.927225
520.183486,7.927225
520.310515,7.927225
520.437544,7.927225
520.564573,7.797271
520.691602,7.797271
520.818631,7.797271
520.945660,7.797271
521.072689,7.797271
521.199718,7.797271
521.326747,7.797271
521.453776,7.797271
521.580805,7.797271
521.707833,7.797271
521.834862,7.927225
521.961891,7.927225
522.088920,7.927225
522.215949,7.927225
522.342978,7.927225
522.470007,7.927225
522.597036,7.927225
522.724065,7.927225
522.851094,7.797271
522.978123,7.797271
528.948483,7.862248
529.075512,7.862248
529.202541,7.862248
529.329570,7.862248
529.456598,7.862248
529.583627,7.862248
529.710656,7.862248
529.837685,7.862248
529.964714,7.862248
530.091743,7.862248
530.218772,7.862248
530.345801,7.862248
530.472830,7.862248
530.599859,7.862248
530.726888,7.862248
530.853917,7.862248
530.980946,7.862248
531.107975,7.862248
531.235004,7.862248
531.362032,7.862248
531.489061,7.862248
531.616090,7.862248
531.743119,7.862248
531.870148,7.862248
531.997177,7.862248
532.124206,7.862248
532.251235,7.862248
532.378264,7.862248
532.505293,7.862248
532.632322,7.862248
532.759351,7.862248
532.886380,7.862248
533.013409,7.862248
533.140438,7.862248
578.362738,33.658220
578.489767,33.658220
578.616796,33.658220
578.743825,33.658220
578.870854,33.658220
578.997883,33.658220
579.124912,33.658220
579.251941,7.407407
579.378970,7.407407
601.736062,10.981157
601.863091,10.981157
601.990120,10.981157
602.117149,10.981157
602.244178,10.981157
602.371207,10.981157
602.498236,10.981157
602.625265,10.981157
602.752294,10.981157
602.879323,10.981157
603.006351,10.916179
603.133380,10.851202
603.260409,10.916179
603.387438,10.916179
603.514467,10.916179
603.641496,10.916179
603.768525,10.916179
603.895554,10.916179
604.022583,10.916179
604.149612,10.851202
604.276641,10.851202
604.403670,10.851202
604.530699,10.981157
604.657728,10.981157
604.784757,10.981157
604.911785,10.981157
605.038814,10.981157
605.165843,10.981157
605.292872,10.981157
605.419901,10.981157
605.546930,10.981157
605.673959,10.981157
605.800988,10.981157
605.928017,10.981157
606.055046,10.981157
606.182075,10.981157
606.309104,10.981157
606.436133,10.981157
606.563162,10.981157
606.690191,10.981157
606.817219,10.981157
606.944248,10.981157
607.071277,10.981157
607.198306,10.981157
607.325335,10.981157
607.452364,10.981157
607.579393,10.981157
607.706422,10.981157
607.833451,10.981157
607.960480,10.981157
608.087509,10.981157
608.214538,10.981157
608.341567,10.981157
608.468596,10.981157
635.525759,14.165042
635.652788,14.165042
635.779817,14.165042
635.906845,14.165042
636.033874,14.165042
636.160903,14.165042
636.287932,14.165042
636.414961,14.165042
636.541990,14.165042
636.669019,14.165042
636.796048,14.165042
636.923077,14.165042
637.050106,14.165042
637.177135,14.165042
637.304164,14.165042
637.431193,14.165042
637.558222,14.165042
637.685251,14.165042
637.812279,14.165042
637.939308,14.165042
638.066337,14.165042
638.193366,14.165042
638.320395,14.165042
638.447424,14.165042
638.574453,14.165042
638.701482,14.165042
638.828511,14.165042
638.955540,14.165042
639.082569,14.165042
639.209598,14.165042
639.336627,14.165042
639.463656,14.165042
639.590685,14.165042
639.717713,14.165042
639.844742,14.165042
639.971771,14.165042
640.098800,14.165042
640.225829,14.165042
640.352858,14.165042
640.479887,14.165042
640.606916,14.165042
640.733945,14.165042
640.860974,14.165042
640.988003,14.165042
641.115032,14.165042
641.242061,14.165042
641.369090,14.165042
641.496119,14.165042
641.623147,14.165042
641.750176,14.165042
641.877205,14.165042
642.004234,14.165042
642.131263,14.165042
642.258292,14.165042
642.385321,14.165042
642.512350,14.165042
642.639379,14.165042
642.766408,14.165042
642.893437,14.165042
643.020466,14.165042
643.147495,14.165042
643.274524,14.165042
643.401553,14.165042
643.528582,14.165042
643.655610,14.165042
643.782639,14.165042
643.909668,14.165042
644.036697,14.165042
644.163726,14.165042
644.290755,14.165042
644.417784,14.165042
644.544813,14.165042
644.671842,14.165042
644.798871,14.165042
644.925900,14.165042
645.052929,14.165042
645.179958,14.165042
645.306987,14.165042
645.434016,14.165042
645.561044,14.165042
645.688073,14.165042
645.815102,14.165042
645.942131,14.165042
646.069160,14.165042
646.196189,14.165042
646.323218,14.165042
646.450247,14.165042
646.577276,14.165042
646.704305,14.165042
646.831334,14.165042
646.958363,14.165042
647.085392,14.165042
647.212421,14.165042
647.339450,14.165042
647.466478,14.165042
647.593507,14.165042
647.720536,14.165042
647.847565,14.165042
647.974594,14.165042
648.101623,14.165042
648.228652,14.165042
648.355681,14.165042
648.482710,14.165042
648.609739,14.165042
648.736768,14.165042
648.863797,14.165042
648.990826,14.165042
649.117855,14.165042
649.244884,14.165042
649.371912,14.165042
649.498941,14.165042
649.625970,14.165042
649.752999,14.165042
649.880028,14.165042
650.007057,14.165042
650.134086,14.165042
650.261115,14.165042
650.388144,14.165042
650.515173,14.165042
650.642202,14.165042
650.769231,14.165042
650.896260,14.165042
651.023289,14.165042
651.150318,14.165042
651.277347,14.165042
651.404375,14.165042
651.531404,14.165042
651.658433,14.165042
651.785462,14.165042
651.912491,14.165042
652.039520,14.165042
652.166549,14.165042
652.293578,14.165042
652.420607,14.165042
652.547636,14.165042
652.674665,14.165042
652.801694,14.165042
652.928723,14.165042
653.055752,14.165042
653.182781,14.165042
653.309809,14.165042
653.436838,14.165042
653.563867,14.165042
653.690896,14.165042
653.817925,14.165042
653.944954,14.165042
654.071983,14.165042
654.199012,14.165042
654.326041,14.165042
654.453070,14.165042
654.580099,14.165042
654.707128,14.165042
654.834157,14.165042
654.961186,14.165042
655.088215,14.165042
655.215243,14.165042
655.342272,14.165042
655.469301,14.165042
655.596330,14.165042
655.723359,14.165042
655.850388,14.165042
655.977417,14.165042
656.104446,14.165042
656.231475,14.165042
656.358504,14.165042
656.485533,14.165042
656.866620,15.334633
656.993649,15.334633
657.120677,15.334633
657.247706,15.334633
657.374735,15.334633
657.501764,15.334633
657.628793,15.334633
657.755822,15.269656
657.882851,15.204678
658.009880,15.204678
658.136909,15.204678
658.263938,15.204678
658.390967,16.114360
658.517996,16.114360
658.645025,16.114360
658.772054,16.114360
658.899083,16.114360
659.026112,16.114360
659.153140,16.114360
659.280169,16.114360
659.407198,16.114360
659.534227,16.114360
659.661256,16.114360
659.788285,16.114360
659.915314,16.114360
660.042343,16.114360
660.169372,16.114360
660.296401,16.114360
660.423430,16.114360
660.550459,16.179337
660.677488,16.179337
660.804517,16.179337
660.931546,16.179337
661.058574,16.179337
661.185603,16.179337
661.312632,16.179337
661.439661,16.114360
661.566690,16.114360
661.693719,16.114360
661.820748,16.179337
661.947777,16.244314
662.074806,16.244314
662.201835,16.244314
662.328864,16.244314
662.455893,16.244314
662.582922,16.244314
662.709951,16.244314
662.836980,16.244314
662.964008,16.244314
663.091037,16.244314
663.218066,16.244314
663.345095,16.244314
663.472124,16.244314
663.599153,16.244314
663.726182,16.244314
663.853211,16.244314
663.980240,16.244314
664.107269,16.244314
664.234298,16.244314
664.361327,16.244314
664.488356,16.244314
664.615385,16.244314
664.742414,16.244314
664.869442,16.244314
664.996471,16.244314
665.123500,16.244314
665.250529,16.244314
665.377558,16.244314
665.504587,16.244314
665.631616,16.829110
665.758645,16.894087
665.885674,16.894087
666.012703,16.894087
666.139732,17.218973
666.266761,17.283951
666.393790,17.348928
666.520819,17.413905
666.647848,17.413905
666.774876,17.413905
666.901905,17.413905
667.028934,17.413905
667.155963,17.413905
667.282992,17.413905
667.410021,17.283951
667.537050,17.283951
667.664079,17.283951
667.791108,17.283951
667.918137,17.283951
668.045166,17.283951
668.172195,17.348928
668.299224,17.413905
668.426253,17.413905
668.553282,17.413905
668.680311,17.413905
668.807339,17.413905
668.934368,17.413905
669.061397,17.413905
669.188426,17.413905
669.315455,17.413905
669.442484,17.283951
669.569513,17.218973
669.696542,17.218973
669.823571,17.218973
669.950600,17.218973
670.077629,17.218973
670.204658,17.218973
670.331687,17.218973
670.458716,17.218973
670.585745,17.218973
670.712773,16.439246
670.839802,16.439246
670.966831,16.439246
671.093860,16.439246
671.220889,16.439246
671.347918,16.439246
671.474947,16.439246
671.601976,16.439246
671.729005,16.569201
671.856034,16.569201
671.983063,16.569201
672.110092,16.569201
672.237121,16.569201
672.364150,16.569201
672.491179,16.569201
672.618207,16.569201
672.745236,16.569201
672.872265,16.569201
672.999294,16.569201
673.126323,16.569201
673.253352,16.569201
673.380381,16.569201
673.507410,16.569201
673.634439,16.569201
673.761468,16.569201
673.888497,16.569201
674.015526,16.504224
674.142555,16.439246
674.269584,16.439246
674.396613,16.439246
674.523641,16.439246
674.650670,16.439246
674.777699,16.439246
674.904728,16.439246
675.031757,16.439246
675.158786,16.439246
675.285815,17.348928
675.412844,17.348928
675.539873,17.348928
675.666902,17.348928
675.793931,17.348928
675.920960,17.348928
676.047989,17.348928
676.175018,17.348928
676.302047,17.348928
676.429076,17.348928
676.556104,17.348928
676.683133,17.348928
676.810162,17.348928
676.937191,17.348928
677.064220,17.348928
677.191249,17.348928
677.318278,17.218973
677.445307,17.218973
677.572336,17.218973
677.699365,17.218973
677.826394,17.218973
677.953423,17.218973
678.080452,17.218973
678.207481,17.218973
678.588567,18.388564
678.715596,18.388564
678.842625,18.388564
678.969654,18.388564
679.096683,18.388564
679.223712,18.388564
679.350741,18.518519
679.477770,18.518519
679.604799,18.518519
679.731828,18.518519
679.858857,18.518519
679.985886,18.518519
680.112915,18.518519
680.239944,18.518519
680.366972,0.974659
680.494001,0.974659
680.621030,1.234568
680.748059,1.234568
680.875088,1.234568
681.002117,1.234568
681.129146,1.234568
681.256175,1.234568
681.383204,1.234568
681.510233,1.234568
681.637262,1.234568
681.764291,1.234568
683.161609,21.377518
683.288638,21.377518
683.415667,21.377518
683.542696,21.377518
683.669725,21.377518
683.796754,21.377518
683.923783,21.377518
684.050812,21.377518
695.610445,28.525016
695.737474,28.525016
695.864502,28.654971
695.991531,28.654971
696.118560,28.654971
696.245589,28.654971
696.372618,28.654971
696.499647,28.654971
696.626676,28.654971
696.753705,28.654971
696.880734,28.654971
697.007763,28.654971
697.134792,28.654971
697.261821,28.654971
697.388850,28.654971
697.515879,28.654971
697.642908,28.654971
697.769936,28.654971
697.896965,28.654971
698.023994,28.654971
698.151023,28.849903
698.278052,28.849903
698.405081,28.849903
698.532110,28.849903
698.659139,28.849903
698.786168,28.849903
698.913197,28.849903
699.040226,28.849903
703.232181,31.643925
703.359210,31.643925
703.486239,31.643925
703.613267,31.643925
703.740296,31.643925
703.867325,31.643925
703.994354,31.643925
704.121383,31.643925
704.248412,31.643925
704.375441,31.643925
704.502470,31.643925
704.629499,31.643925
704.756528,31.643925
704.883557,31.643925
705.010586,31.643925
705.137615,31.643925
705.264644,31.708902
705.391673,31.708902
705.518701,31.708902
705.645730,31.708902
705.772759,31.708902
705.899788,31.708902
706.026817,31.708902
706.153846,31.708902
706.280875,31.578947
706.407904,31.643925
706.534933,31.708902
706.661962,31.708902
706.788991,31.708902
706.916020,31.708902
707.043049,31.708902
707.170078,31.708902
707.297107,31.708902
707.424135,31.708902
707.551164,31.708902
707.678193,31.708902
707.805222,31.708902
707.932251,31.708902
708.059280,31.708902
708.186309,31.708902
708.313338,31.708902
708.440367,31.708902
708.567396,31.708902
708.694425,31.708902
708.821454,31.708902
708.948483,31.708902
709.075512,31.578947
709.202541,31.578947
709.329570,31.578947
709.456598,31.578947
709.583627,31.578947
709.710656,31.578947
709.837685,31.578947
709.964714,31.578947
710.091743,31.578947
710.218772,31.643925
710.345801,31.643925
710.472830,31.643925
710.599859,31.643925
710.726888,31.643925
710.853917,31.643925
710.980946,31.643925
711.107975,31.319038
711.235004,31.319038
714.664785,28.849903
714.791814,28.849903
714.918843,28.849903
715.045872,28.849903
715.172900,28.849903
715.299929,28.849903
715.426958,28.849903
715.553987,28.849903
715.681016,28.070175
715.808045,28.070175
715.935074,28.070175
716.062103,28.070175
716.189132,28.070175
716.316161,28.070175
716.443190,27.810266
716.570219,27.810266
716.697248,27.420403
716.824277,27.420403
716.951306,27.030539
717.078335,27.030539
717.205363,26.770630
717.332392,26.770630
717.459421,26.510721
717.586450,26.510721
717.713479,26.120858
717.840508,26.120858
717.967537,25.730994
718.094566,25.730994
718.221595,25.730994
718.348624,25.730994
718.475653,25.730994
718.602682,25.730994
718.729711,25.730994
718.856740,25.730994
718.983769,25.211176
719.110797,25.211176
719.237826,25.081222
719.364855,25.081222
719.491884,24.951267
719.618913,24.951267
719.745942,24.691358
719.872971,24.691358
720.000000,23.521767
720.127029,23.521767
720.254058,23.001949
720.381087,22.612086
720.508116,22.612086
720.635145,21.962313
720.762174,21.962313
720.889203,21.962313
721.016231,21.962313
721.143260,21.832359
721.270289,21.832359
721.397318,21.572450
721.524347,21.572450
752.138320,76.608187
752.265349,76.608187
752.392378,76.608187
752.519407,76.608187
752.646436,76.608187
752.773465,76.608187
752.900494,76.608187
753.027523,76.608187
753.154552,76.348278
753.281581,76.348278
753.408610,76.348278
753.535639,76.348278
753.662668,76.348278
753.789697,76.348278
753.916725,76.218324
754.043754,76.218324
754.170783,76.218324
754.297812,76.218324
754.424841,75.958415
754.551870,75.958415
754.678899,75.698506
754.805928,75.698506
754.932957,75.698506
755.059986,75.698506
755.187015,75.308642
755.314044,75.308642
755.441073,75.308642
755.568102,75.308642
755.695131,75.308642
755.822159,75.308642
755.949188,75.308642
756.076217,75.308642
800.282287,7.927225
800.409315,7.927225
800.536344,7.927225
800.663373,7.927225
800.790402,7.927225
800.917431,7.927225
801.044460,7.927225
801.171489,7.927225
801.298518,7.667316
801.425547,7.667316
801.552576,7.537362
801.679605,7.472385
801.806634,7.407407
801.933663,7.407407
802.060692,7.407407
802.187721,7.407407
802.314749,7.407407
802.441778,7.407407
802.568807,7.407407
802.695836,7.407407
802.822865,7.277453
802.949894,7.212476
803.076923,6.627680
803.203952,6.627680
803.330981,6.627680
803.458010,6.562703
803.585039,6.367771
803.712068,6.302794
803.839097,6.237817
803.966126,6.237817
808.031052,6.302794
808.158080,6.302794
808.285109,6.302794
808.412138,6.302794
808.539167,6.302794
808.666196,6.302794
808.793225,6.302794
808.920254,6.302794
809.047283,6.302794
809.174312,6.302794
809.301341,6.302794
809.428370,6.302794
809.555399,6.302794
809.682428,6.302794
809.809457,6.302794
809.936486,6.172840
810.063514,6.172840
810.190543,6.042885
810.317572,6.042885
810.444601,5.653021
810.571630,5.653021
810.698659,5.523067
810.825688,5.523067
810.952717,5.523067
811.079746,5.523067
811.206775,5.523067
811.333804,5.523067
811.460833,5.523067
811.587862,5.523067
811.714891,5.523067
811.841920,5.523067
811.968948,5.523067
812.095977,5.523067
812.223006,5.523067
812.350035,5.523067
812.477064,5.523067
812.604093,5.458090
812.731122,5.393112
812.858151,5.393112
812.985180,5.393112
813.112209,5.393112
813.239238,5.393112
813.366267,5.523067
813.493296,5.523067
813.620325,5.523067
813.747354,5.523067
813.874382,5.523067
814.001411,5.523067
814.128440,5.523067
814.255469,5.523067
814.382498,5.458090
814.509527,5.393112
814.636556,5.523067
814.763585,5.523067
814.890614,5.523067
815.017643,5.523067
815.144672,5.523067
815.271701,5.523067
815.398730,5.523067
815.525759,5.523067
815.652788,5.523067
815.779817,5.523067
815.906845,5.523067
816.033874,5.523067
816.160903,5.523067
816.287932,5.523067
816.414961,5.523067
816.541990,5.523067
816.669019,5.523067
816.796048,5.523067
816.923077,5.523067
817.050106,5.523067
817.177135,5.523067
817.304164,5.523067
817.431193,5.523067
817.558222,5.523067
817.685251,5.523067
817.812279,5.523067
817.939308,5.523067
818.066337,5.523067
818.193366,5.523067
818.320395,5.523067
818.447424,5.523067
818.574453,5.523067
818.701482,5.523067
818.828511,5.523067
818.955540,5.523067
819.082569,5.523067
819.209598,5.523067
819.336627,5.523067
819.463656,5.523067
819.590685,5.523067
819.717713,6.172840
819.844742,6.172840
819.971771,6.302794
820.098800,6.302794
820.225829,6.302794
820.352858,6.302794
820.479887,6.302794
820.606916,6.302794
820.733945,6.302794
820.860974,6.302794
820.988003,6.302794
821.115032,6.302794
821.242061,6.302794
821.369090,6.302794
821.496119,6.302794
821.623147,6.302794
821.750176,6.302794
821.877205,6.302794
822.004234,6.302794
822.131263,6.302794
822.258292,6.302794
822.385321,6.302794
822.512350,6.302794
822.639379,6.302794
822.766408,6.302794
822.893437,6.302794
823.020466,6.302794
823.147495,6.302794
823.274524,6.302794
823.401553,6.302794
823.528582,6.302794
823.655610,6.302794
823.782639,6.302794
823.909668,6.302794
824.036697,7.082521
824.163726,7.082521
824.290755,7.082521
824.417784,7.082521
824.544813,7.082521
824.671842,7.082521
824.798871,7.082521
824.925900,7.082521
825.052929,6.952567
825.179958,6.952567
825.306987,7.212476
825.434016,7.212476
825.561044,7.472385
825.688073,7.472385
825.815102,7.862248
825.942131,7.862248
826.069160,8.122157
826.196189,8.122157
826.323218,8.122157
826.450247,8.122157
826.577276,8.122157
826.704305,8.122157
826.831334,8.122157
826.958363,8.122157
830.642202,10.981157
830.769231,10.981157
830.896260,11.111111
831.023289,11.111111
831.150318,11.241066
831.277347,11.241066
831.404375,11.241066
831.531404,11.241066
831.658433,11.241066
831.785462,11.241066
831.912491,11.371020
832.039520,11.371020
832.166549,11.630929
832.293578,11.630929
832.420607,11.890838
832.547636,11.890838
832.674665,11.890838
832.801694,11.890838
832.928723,12.410656
833.055752,12.410656
833.182781,12.410656
833.309809,12.410656
833.436838,12.410656
833.563867,12.410656
833.690896,12.410656
833.817925,12.410656
833.944954,12.410656
834.071983,12.410656
834.199012,12.410656
834.326041,12.410656
834.453070,12.540611
834.580099,12.540611
834.707128,12.540611
834.834157,12.540611
834.961186,12.540611
835.088215,12.540611
835.215243,12.540611
835.342272,12.540611
835.469301,12.540611
835.596330,12.540611
835.723359,12.540611
835.850388,12.540611
835.977417,12.410656
836.104446,12.410656
836.231475,12.410656
836.358504,12.410656
836.485533,12.410656
836.612562,12.410656
836.739591,12.410656
836.866620,12.410656
836.993649,12.410656
837.120677,12.410656
837.247706,12.410656
837.374735,12.410656
837.501764,12.410656
837.628793,12.410656
837.755822,12.410656
837.882851,12.410656
838.009880,13.190383
838.136909,13.190383
838.263938,13.190383
838.390967,13.190383
838.517996,13.190383
838.645025,13.190383
838.772054,13.190383
838.899083,13.190383
839.026112,13.190383
839.153140,13.125406
840.042343,13.190383
840.169372,13.190383
840.296401,13.190383
840.423430,13.190383
840.550459,13.190383
840.677488,13.190383
840.804517,13.190383
840.931546,13.190383
841.058574,13.190383
841.185603,13.190383
841.312632,13.190383
841.439661,13.190383
841.566690,13.190383
841.693719,13.190383
841.820748,13.190383
841.947777,13.190383
842.074806,13.125406
842.201835,13.125406
842.328864,13.125406
842.455893,13.125406
842.582922,13.125406
842.709951,13.125406
842.836980,13.125406
842.964008,13.125406
843.091037,13.125406
843.218066,13.125406
843.345095,13.125406
843.472124,13.125406
843.599153,13.125406
843.726182,13.125406
843.853211,13.125406
843.980240,13.125406
844.107269,13.125406
844.234298,13.125406
844.361327,13.125406
844.488356,13.125406
844.615385,13.125406
844.742414,13.125406
844.869442,13.125406
844.996471,13.125406
845.123500,13.125406
845.250529,13.125406
845.377558,13.125406
845.504587,13.125406
845.631616,13.125406
845.758645,13.125406
845.885674,13.125406
846.012703,13.125406
846.139732,13.125406
846.266761,13.125406
846.393790,13.125406
846.520819,13.125406
846.647848,13.125406
846.774876,13.125406
846.901905,13.125406
847.028934,13.125406
847.155963,13.125406
847.282992,13.125406
847.410021,13.125406
847.537050,13.125406
847.664079,13.125406
847.791108,13.125406
847.918137,13.125406
848.045166,13.125406
848.172195,13.125406
848.299224,13.125406
848.426253,13.125406
848.553282,13.125406
848.680311,13.125406
848.807339,13.125406
848.934368,13.125406
849.061397,13.125406
849.188426,13.125406
849.315455,13.125406
849.442484,13.125406
849.569513,13.125406
849.696542,13.125406
849.823571,13.125406
849.950600,13.125406
850.077629,13.125406
850.204658,13.125406
850.331687,13.125406
850.458716,13.125406
850.585745,13.255361
850.712773,13.255361
850.839802,13.255361
850.966831,13.255361
851.093860,13.255361
851.220889,13.255361
851.347918,13.255361
851.474947,13.255361
851.601976,13.255361
851.729005,13.255361
851.856034,13.190383
851.983063,13.125406
852.110092,13.125406
852.237121,13.125406
852.364150,13.125406
852.491179,13.125406
852.618207,13.255361
852.745236,13.255361
852.872265,13.255361
852.999294,13.255361
853.126323,13.255361
853.253352,13.255361
853.380381,13.255361
853.507410,13.255361
853.634439,12.995452
853.761468,12.995452
853.888497,12.605588
854.015526,12.605588
854.142555,12.345679
854.269584,12.345679
854.396613,12.345679
854.523641,12.345679
854.650670,12.345679
854.777699,12.345679
854.904728,12.345679
855.031757,12.345679
855.158786,12.345679
855.285815,12.345679
855.412844,12.085770
855.539873,12.085770
855.666902,11.825861
855.793931,11.825861
855.920960,11.565952
856.047989,11.565952
856.175018,11.695906
856.302047,11.695906
856.429076,11.695906
856.556104,11.695906
856.683133,11.695906
856.810162,11.695906
856.937191,11.695906
857.064220,11.695906
857.191249,11.695906
857.318278,11.695906
857.445307,11.695906
857.572336,11.695906
857.699365,11.695906
857.826394,11.695906
857.953423,11.695906
858.080452,11.695906
858.207481,11.695906
858.334510,11.695906
858.461538,11.695906
858.588567,11.695906
858.715596,11.695906
858.842625,11.695906
858.969654,11.695906
859.096683,11.695906
859.223712,11.695906
859.350741,11.695906
859.477770,11.695906
859.604799,11.695906
859.731828,11.695906
859.858857,11.695906
863.923783,11.695906
864.050812,11.695906
864.177841,11.695906
864.304869,11.695906
864.431898,11.695906
864.558927,11.825861
864.685956,11.825861
864.812985,11.825861
864.940014,11.825861
865.067043,11.825861
865.194072,11.825861
865.321101,11.825861
865.448130,11.825861
865.575159,11.695906
865.702188,11.695906
865.829217,11.695906
865.956246,11.695906
866.083275,11.695906
866.210303,11.695906
866.337332,11.565952
866.464361,11.565952
866.591390,11.306043
866.718419,11.306043
866.845448,11.176088
866.972477,11.176088
867.099506,10.916179
867.226535,10.916179
867.353564,10.656270
867.480593,10.656270
867.607622,10.656270
867.734651,10.656270
867.861680,10.656270
867.988709,10.656270
868.115737,10.656270
868.242766,10.656270
868.369795,10.656270
868.496824,10.656270
868.623853,10.656270
868.750882,10.656270
868.877911,10.656270
869.004940,10.656270
869.131969,10.656270
869.258998,10.656270
869.386027,10.656270
869.513056,10.656270
869.640085,10.656270
869.767114,10.656270
869.894143,10.656270
870.021171,10.656270
870.148200,10.656270
870.275229,10.656270
870.402258,10.656270
870.529287,10.656270
870.656316,10.656270
870.783345,10.656270
870.910374,10.656270
871.037403,10.656270
881.072689,8.187135
881.199718,8.187135
881.326747,8.187135
881.453776,8.187135
881.580805,8.187135
881.707833,8.187135
881.834862,8.187135
881.961891,8.187135
882.088920,7.732294
882.215949,7.732294
882.342978,7.342430
882.470007,7.342430
882.597036,7.342430
882.724065,7.342430
882.851094,7.342430
882.978123,7.992203
883.105152,7.992203
883.232181,8.187135
883.359210,8.187135
883.486239,8.187135
883.613267,8.187135
883.740296,8.187135
883.867325,8.187135
883.994354,8.187135
884.121383,8.187135
884.248412,8.187135
884.375441,8.122157
884.502470,8.122157
884.629499,8.122157
884.756528,8.122157
884.883557,8.122157
886.788991,11.111111
886.916020,11.111111
887.043049,11.111111
887.170078,11.111111
887.297107,11.111111
887.424135,11.111111
887.551164,12.670565
887.678193,12.670565
887.805222,12.670565
887.932251,12.670565
888.059280,13.840156
888.186309,13.840156
888.313338,13.840156
888.440367,13.840156
888.567396,13.840156
888.694425,13.840156
888.821454,13.840156
888.948483,13.840156
889.075512,15.399610
889.202541,15.399610
889.329570,15.529565
889.456598,15.529565
889.583627,15.529565
889.710656,15.529565
889.837685,15.529565
889.964714,15.529565
890.091743,15.529565
890.218772,15.529565
890.345801,15.659519
890.472830,15.659519
890.599859,16.309292
890.726888,16.309292
890.853917,16.309292
890.980946,16.309292
891.107975,16.309292
891.235004,16.309292
891.362032,16.309292
891.489061,16.309292
891.616090,16.309292
891.743119,16.309292
892.124206,18.258609
892.251235,18.258609
892.378264,18.258609
892.505293,18.258609
892.632322,18.258609
892.759351,18.258609
892.886380,18.258609
893.013409,18.258609
893.140438,21.377518
893.267466,21.377518
893.394495,21.377518
893.521524,21.377518
893.648553,21.377518
893.775582,21.377518
893.902611,22.417154
894.029640,22.417154
894.156669,22.547109
894.283698,22.547109
894.410727,22.547109
894.537756,22.547109
894.664785,22.547109
894.791814,22.547109
894.918843,22.547109
895.045872,22.547109
895.172900,22.547109
895.299929,22.547109
895.426958,22.547109
895.553987,22.547109
895.681016,22.547109
895.808045,22.547109
897.967537,24.756335
898.094566,24.756335
898.221595,27.095517
898.348624,27.095517
898.475653,28.265107
898.602682,28.265107
898.729711,28.654971
898.856740,28.654971
898.983769,28.654971
899.110797,28.654971
899.237826,28.654971
899.364855,28.654971
899.491884,28.654971
899.618913,28.654971
899.745942,28.265107
899.872971,28.265107
