time_sec,value
0.000000,168.054516
0.127029,168.054516
0.254058,168.054516
0.381087,168.054516
0.508116,168.054516
0.635145,168.054516
0.762174,168.054516
0.889203,168.054516
1.016231,168.054516
1.143260,168.054516
1.270289,162.667023
1.397318,162.667023
1.524347,162.667023
1.651376,162.667023
1.778405,162.667023
1.905434,162.667023
2.032463,162.667023
2.159492,162.667023
2.286521,162.667023
2.413550,162.667023
2.540579,162.667023
2.667608,162.667023
2.794637,163.265633
2.921665,163.265633
3.048694,163.265633
3.175723,163.265633
3.302752,163.265633
3.429781,163.265633
3.556810,165.446285
3.683839,165.446285
3.810868,165.446285
3.937897,165.446285
4.064926,165.446285
4.191955,165.446285
4.318984,165.446285
4.446013,165.446285
4.573042,165.446285
4.700071,165.446285
4.827100,165.446285
4.954128,165.446285
5.081157,165.061464
5.208186,165.061464
5.335215,164.548370
5.462244,164.548370
5.589273,164.548370
5.716302,164.548370
5.843331,164.548370
5.970360,164.548370
6.097389,164.548370
6.224418,164.548370
6.351447,164.035275
6.478476,161.683592
6.605505,161.683592
6.732534,157.194014
6.859562,157.151256
6.986591,156.509888
7.113620,156.467130
7.240649,152.276857
7.367678,152.276857
7.494707,146.889364
7.621736,146.889364
7.748765,146.889364
7.875794,146.889364
8.002823,145.093533
8.129852,145.093533
8.256881,144.665954
8.383910,144.665954
8.510939,144.665954
8.637968,144.665954
8.764996,144.665954
8.892025,144.665954
9.019054,144.580438
9.146083,144.580438
9.273112,143.896312
9.400141,143.896312
9.527170,143.896312
9.654199,143.896312
9.781228,143.896312
9.908257,143.896312
10.035286,142.100481
10.162315,142.100481
10.289344,142.100481
10.416373,142.100481
10.543402,142.100481
10.670430,142.100481
10.797459,142.100481
10.924488,142.100481
11.051517,141.074292
11.178546,141.074292
11.305575,141.074292
11.432604,141.074292
11.559633,141.074292
11.686662,141.074292
11.813691,139.278461
11.940720,139.278461
12.067749,139.278461
12.194778,139.278461
12.321807,138.337787
12.448836,138.337787
12.575865,138.337787
12.702893,138.337787
12.829922,139.278461
12.956951,139.278461
13.083980,139.278461
13.211009,139.278461
13.338038,139.278461
13.465067,139.278461
13.592096,139.278461
13.719125,139.278461
13.846154,139.278461
13.973183,139.278461
14.100212,139.278461
14.227241,139.278461
14.354270,141.159808
14.481299,141.159808
14.608327,141.159808
14.735356,141.159808
14.862385,141.159808
14.989414,141.159808
15.116443,141.159808
15.243472,141.159808
15.370501,141.074292
15.497530,141.074292
15.624559,139.278461
15.751588,139.278461
15.878617,139.278461
16.005646,139.278461
16.132675,139.278461
16.259704,139.278461
16.386733,139.278461
16.513761,139.278461
16.640790,139.278461
16.767819,139.278461
16.894848,139.107429
17.021877,139.107429
17.148906,138.679850
17.275935,138.679850
17.402964,138.679850
17.529993,138.679850
17.657022,137.311598
17.784051,137.311598
17.911080,137.311598
18.038109,137.311598
18.165138,137.311598
18.292167,137.311598
18.419195,139.278461
18.546224,139.278461
18.673253,142.357028
18.800282,142.357028
18.927311,142.357028
19.054340,142.357028
19.181369,142.357028
19.308398,142.357028
19.435427,144.751470
19.562456,144.751470
19.689485,144.751470
19.816514,144.751470
19.943543,144.751470
20.070572,144.751470
20.197601,146.718332
20.324629,146.718332
20.451658,147.487974
20.578687,147.487974
20.705716,147.487974
20.832745,147.487974
20.959774,147.487974
21.086803,147.487974
21.213832,147.487974
21.340861,147.487974
21.467890,147.487974
21.594919,147.487974
21.721948,145.093533
21.848977,145.093533
21.976006,145.093533
22.103035,145.093533
22.230064,143.041154
22.357092,143.041154
22.484121,142.699091
22.611150,142.699091
22.738179,142.613576
22.865208,142.613576
22.992237,142.613576
23.119266,142.613576
23.246295,142.613576
23.373324,142.613576
23.500353,142.528060
23.627382,142.528060
23.754411,141.929449
23.881440,141.929449
24.008469,143.810796
24.135498,143.810796
24.262526,143.810796
24.389555,143.810796
24.516584,144.836986
24.643613,144.836986
24.770642,144.836986
24.897671,144.836986
25.024700,144.836986
25.151729,144.836986
25.278758,144.836986
25.405787,144.836986
26.803105,147.231427
26.930134,147.231427
27.057163,147.231427
27.184192,147.231427
27.311221,147.231427
27.438250,147.231427
27.565279,147.231427
27.692308,147.231427
27.819337,162.752539
27.946366,162.752539
28.073394,179.983966
28.200423,194.265099
28.327452,194.265099
28.454481,209.486905
28.581510,209.486905
28.708539,209.486905
28.835568,209.486905
28.962597,209.486905
29.089626,209.486905
29.216655,209.486905
29.343684,209.486905
29.470713,143.212186
29.597742,143.212186
29.724771,143.212186
29.851800,143.126670
29.978829,143.126670
30.105857,143.126670
30.232886,143.126670
30.359915,143.554249
30.486944,143.554249
30.613973,143.639765
30.741002,143.639765
30.868031,143.639765
30.995060,143.639765
31.122089,143.639765
31.249118,143.639765
31.376147,143.639765
31.503176,143.639765
31.630205,143.639765
31.757234,143.639765
31.884263,143.297702
32.011291,143.297702
32.138320,139.278461
32.265349,139.278461
32.392378,140.988776
32.519407,140.988776
32.646436,141.843934
32.773465,141.843934
32.900494,141.843934
33.027523,141.843934
33.154552,141.843934
33.281581,141.843934
33.408610,144.152859
33.535639,144.152859
33.662668,145.093533
33.789697,145.093533
33.916725,145.093533
34.043754,145.093533
34.170783,147.659006
34.297812,147.659006
34.424841,148.685195
34.551870,148.685195
34.678899,148.685195
34.805928,148.685195
34.932957,148.685195
35.059986,148.685195
35.187015,148.770711
35.314044,148.770711
35.441073,149.967932
35.568102,149.967932
35.695131,149.967932
35.822159,149.967932
35.949188,149.967932
36.076217,149.967932
36.203246,149.967932
36.330275,149.967932
36.457304,149.967932
36.584333,149.967932
36.711362,149.967932
36.838391,149.967932
36.965420,149.754142
37.092449,149.711384
37.219478,148.300374
37.346507,148.257616
37.473536,148.257616
37.600565,148.257616
37.727594,148.043827
37.854622,148.001069
37.981651,148.001069
38.108680,148.001069
38.235709,148.001069
38.362738,148.001069
38.489767,148.001069
38.616796,148.001069
38.743825,147.958311
38.870854,147.915553
38.997883,144.965259
39.124912,144.922501
39.251941,145.093533
39.378970,145.093533
39.505999,145.093533
39.633028,145.093533
39.760056,145.093533
39.887085,145.093533
40.014114,145.093533
40.268172,145.093533
40.395201,145.093533
40.522230,145.093533
40.649259,145.093533
40.776288,145.093533
40.903317,145.093533
41.030346,145.093533
41.157375,144.665954
41.284404,144.665954
41.411433,144.665954
41.538462,144.665954
41.665490,144.580438
41.792519,144.580438
41.919548,144.409407
42.046577,144.452165
42.173606,144.665954
42.300635,144.708712
42.427664,144.922501
42.554693,144.922501
42.681722,144.922501
42.808751,144.922501
42.935780,144.922501
43.062809,144.922501
43.189838,144.922501
43.316867,144.922501
43.443896,144.665954
43.570924,144.665954
43.697953,144.665954
43.824982,144.665954
43.952011,144.665954
44.079040,144.665954
44.206069,144.665954
44.333098,144.665954
44.460127,144.665954
44.587156,144.665954
44.714185,138.679850
44.841214,138.679850
44.968243,137.824693
45.095272,137.824693
45.222301,137.739177
45.349330,137.739177
45.730416,136.028862
45.857445,136.028862
45.984474,136.028862
46.111503,136.028862
46.238532,136.028862
46.365561,136.028862
46.492590,138.594335
46.619619,138.594335
46.746648,139.278461
46.873677,139.278461
47.000706,139.278461
47.127735,139.278461
47.254764,139.278461
47.381793,139.278461
47.508821,141.587386
47.635850,141.587386
47.762879,142.271513
47.889908,142.271513
48.016937,144.580438
48.143966,144.580438
48.270995,144.665954
48.398024,144.665954
48.525053,144.665954
48.652082,144.665954
48.779111,144.665954
48.906140,144.665954
49.033169,144.665954
49.160198,144.665954
49.287227,144.665954
49.414255,144.665954
49.541284,144.494923
49.668313,144.494923
49.795342,143.981828
49.922371,143.981828
50.049400,143.981828
50.176429,143.981828
50.303458,145.093533
50.430487,145.093533
50.557516,145.093533
50.684545,145.093533
50.811574,145.093533
50.938603,145.093533
51.065632,145.093533
51.192661,145.093533
51.319689,145.093533
51.446718,145.093533
51.573747,145.093533
51.700776,145.093533
51.827805,147.915553
51.954834,147.915553
52.081863,147.915553
52.208892,147.915553
52.335921,147.915553
52.462950,147.915553
52.589979,147.915553
52.717008,147.915553
52.844037,147.915553
52.971066,147.915553
53.098095,147.915553
53.225124,147.915553
53.860268,147.231427
53.987297,147.231427
54.114326,147.231427
54.241355,147.231427
54.368384,147.231427
54.495413,147.231427
54.622442,147.659006
54.749471,147.659006
54.876500,148.599679
55.003529,148.599679
55.130558,148.770711
55.257586,148.770711
55.384615,148.770711
55.511644,148.770711
55.638673,148.770711
55.765702,148.770711
55.892731,148.770711
56.019760,148.770711
56.146789,148.685195
56.273818,148.685195
56.400847,148.514164
56.527876,148.514164
56.654905,148.770711
56.781934,148.770711
56.908963,149.198290
57.035992,149.198290
57.163020,149.198290
57.290049,149.198290
57.417078,149.198290
57.544107,149.198290
57.671136,149.198290
57.798165,149.198290
57.925194,149.198290
58.052223,149.198290
58.179252,149.198290
58.306281,149.198290
58.433310,147.402459
58.560339,147.402459
58.687368,147.402459
58.814397,147.402459
58.941426,147.402459
59.068454,147.402459
59.195483,144.152859
59.322512,144.152859
59.449541,141.758418
59.576570,141.758418
59.703599,141.074292
59.830628,141.074292
59.957657,142.613576
60.084686,142.613576
60.211715,142.699091
60.338744,142.699091
60.465773,142.699091
60.592802,142.699091
60.719831,142.699091
60.846860,142.699091
60.973888,142.699091
61.100917,142.699091
61.227946,142.699091
61.354975,142.699091
61.482004,144.067344
61.609033,144.067344
61.736062,144.836986
61.863091,144.836986
61.990120,144.836986
62.117149,144.836986
62.244178,144.836986
62.371207,144.836986
62.498236,144.836986
62.625265,144.836986
63.006351,148.001069
63.133380,148.001069
63.260409,148.514164
63.387438,148.514164
63.514467,148.514164
63.641496,148.514164
63.768525,149.967932
63.895554,149.967932
64.022583,149.967932
64.149612,149.967932
64.276641,149.967932
64.403670,149.967932
64.530699,149.967932
64.657728,149.967932
66.055046,149.967932
66.182075,149.967932
66.309104,149.967932
66.436133,149.967932
66.563162,149.967932
66.690191,149.967932
66.817219,149.967932
66.944248,149.967932
67.071277,149.454837
67.198306,149.454837
67.325335,148.428648
67.452364,148.428648
67.579393,148.428648
67.706422,148.428648
67.833451,147.316943
67.960480,147.316943
68.087509,147.316943
68.214538,147.316943
68.341567,147.316943
68.468596,147.316943
68.595625,147.231427
68.722653,147.231427
68.849682,147.231427
68.976711,147.231427
73.422724,148.428648
73.549753,148.428648
73.676782,148.428648
73.803811,148.428648
73.930840,148.428648
74.057869,148.428648
74.184898,148.428648
74.311927,148.428648
74.438956,148.172100
74.565984,148.172100
74.693013,148.257616
74.820042,148.257616
74.947071,152.875468
75.074100,152.875468
75.201129,154.585783
75.328158,154.585783
75.455187,154.585783
75.582216,154.585783
75.709245,154.585783
75.836274,154.585783
75.963303,154.585783
76.090332,154.585783
76.217361,154.072688
76.344390,154.072688
76.471418,151.678247
76.598447,151.678247
76.725476,149.967932
76.852505,149.967932
76.979534,148.514164
77.106563,148.514164
77.233592,148.514164
77.360621,148.514164
77.741708,149.967932
77.868737,149.967932
77.995766,149.967932
78.122795,149.967932
78.249824,149.967932
78.376853,149.967932
78.503881,149.967932
78.630910,149.967932
80.282287,149.967932
80.409315,149.967932
80.536344,149.967932
80.663373,149.967932
80.790402,149.967932
80.917431,149.967932
81.044460,149.967932
81.171489,149.967932
81.298518,148.514164
81.425547,148.514164
81.552576,148.514164
81.679605,148.514164
81.806634,148.514164
81.933663,148.514164
82.060692,148.428648
82.187721,148.428648
83.076923,148.172100
83.203952,148.172100
83.330981,148.343132
83.458010,148.343132
83.585039,148.428648
83.712068,148.428648
83.839097,148.428648
83.966126,148.428648
84.093155,148.428648
84.220183,148.428648
84.347212,148.428648
84.474241,148.428648
84.601270,148.941742
84.728299,148.941742
84.855328,149.540353
84.982357,149.540353
85.109386,149.540353
85.236415,149.540353
85.363444,162.667023
85.490473,162.667023
85.617502,162.667023
85.744531,162.667023
85.871560,162.667023
85.998589,162.667023
86.125618,162.667023
86.252646,162.667023
87.904023,152.148584
88.031052,152.148584
88.158080,152.148584
88.285109,152.148584
88.412138,152.148584
88.539167,152.148584
88.666196,152.148584
88.793225,152.105826
88.920254,152.063068
89.047283,151.592731
89.174312,149.497595
89.301341,149.497595
89.428370,149.497595
89.555399,149.497595
89.682428,149.497595
89.809457,149.454837
89.936486,148.471406
90.063514,148.428648
90.190543,147.958311
90.317572,147.915553
90.444601,147.274185
90.571630,147.231427
90.698659,147.231427
90.825688,147.231427
91.968948,146.974880
92.095977,146.974880
92.223006,147.915553
92.350035,147.915553
92.477064,148.428648
92.604093,148.428648
92.731122,148.941742
92.858151,148.941742
92.985180,148.941742
93.112209,148.941742
93.239238,148.941742
93.366267,148.941742
93.493296,148.941742
93.620325,148.941742
95.779817,149.454837
95.906845,149.454837
96.033874,149.540353
96.160903,149.540353
96.287932,149.540353
96.414961,149.540353
96.541990,149.540353
96.669019,149.540353
96.796048,149.540353
96.923077,149.540353
97.050106,149.540353
97.177135,149.198290
97.304164,149.241048
97.431193,149.241048
97.558222,149.241048
97.685251,149.241048
97.812279,149.241048
97.939308,149.241048
98.066337,149.241048
98.193366,149.198290
98.320395,149.198290
98.447424,149.027258
98.574453,149.027258
98.701482,148.941742
98.828511,148.941742
99.209598,148.941742
99.336627,148.984500
99.463656,149.796900
99.590685,149.839658
99.717713,149.882416
99.844742,149.925174
99.971771,149.925174
100.098800,149.925174
100.225829,149.925174
100.352858,149.925174
100.479887,149.925174
100.606916,149.925174
101.496119,149.967932
101.623147,149.967932
101.750176,149.967932
101.877205,149.967932
102.004234,149.967932
102.131263,149.967932
102.258292,149.967932
102.385321,149.967932
102.512350,148.428648
102.639379,148.428648
102.766408,148.428648
102.893437,148.428648
103.020466,148.428648
103.147495,148.428648
103.274524,146.974880
103.401553,146.974880
103.528582,146.974880
103.655610,146.974880
103.782639,146.974880
103.909668,146.974880
104.036697,146.974880
104.163726,146.974880
104.290755,146.974880
104.417784,146.974880
104.544813,146.974880
104.671842,146.974880
104.798871,146.974880
104.925900,146.974880
105.306987,147.231427
105.434016,147.231427
105.561044,147.231427
105.688073,147.231427
105.815102,147.231427
105.942131,147.231427
106.069160,147.830037
106.196189,147.830037
106.323218,147.830037
106.450247,147.830037
106.577276,147.830037
106.704305,147.830037
106.831334,147.830037
106.958363,147.830037
107.085392,149.711384
107.212421,149.711384
107.339450,149.711384
107.466478,149.711384
107.593507,149.711384
107.720536,149.711384
107.847565,149.711384
107.974594,149.711384
108.101623,149.711384
108.228652,149.711384
108.355681,149.540353
108.482710,149.540353
108.609739,149.454837
108.736768,149.454837
108.863797,148.770711
108.990826,148.770711
109.117855,148.770711
109.244884,148.770711
109.371912,148.770711
109.498941,148.770711
109.625970,148.770711
109.752999,148.770711
109.880028,148.770711
110.007057,148.770711
110.134086,148.770711
110.261115,148.770711
110.388144,148.770711
110.515173,148.770711
110.642202,148.599679
110.769231,148.599679
110.896260,149.283805
111.023289,149.283805
111.150318,149.283805
111.277347,149.283805
111.404375,149.540353
111.531404,149.540353
111.658433,149.540353
111.785462,149.540353
111.912491,149.540353
112.039520,149.540353
112.166549,149.540353
112.293578,149.540353
112.420607,149.454837
112.547636,149.454837
112.674665,148.086585
112.801694,148.086585
112.928723,148.086585
113.055752,148.086585
113.182781,148.086585
113.309809,148.086585
113.436838,146.718332
113.563867,146.718332
113.690896,146.718332
113.817925,146.718332
113.944954,146.718332
114.071983,146.718332
114.199012,147.573490
114.326041,147.573490
114.453070,147.573490
114.580099,147.573490
114.707128,147.573490
114.834157,147.573490
114.961186,148.001069
115.088215,148.001069
115.215243,148.001069
115.342272,148.001069
115.469301,148.001069
115.596330,148.001069
115.723359,148.001069
115.850388,148.001069
115.977417,148.001069
116.104446,148.001069
116.231475,149.027258
116.358504,149.027258
116.485533,149.027258
116.612562,149.027258
116.739591,149.027258
116.866620,149.027258
116.993649,149.283805
117.120677,149.283805
117.247706,149.540353
117.374735,149.540353
117.501764,149.540353
117.628793,149.540353
117.755822,149.540353
117.882851,149.540353
118.009880,149.540353
118.136909,149.540353
118.263938,149.283805
118.390967,149.283805
118.517996,149.283805
118.645025,149.283805
118.772054,149.283805
118.899083,149.283805
119.026112,149.283805
119.153140,149.283805
119.280169,149.283805
119.407198,149.283805
119.534227,149.283805
119.661256,149.283805
119.788285,149.283805
119.915314,149.283805
120.042343,149.198290
120.169372,149.198290
120.296401,149.198290
120.423430,149.198290
120.550459,149.454837
120.677488,149.454837
120.804517,149.454837
120.931546,149.454837
121.058574,149.454837
121.185603,149.454837
121.312632,149.454837
121.439661,149.454837
122.582922,149.967932
122.709951,149.967932
122.836980,149.967932
122.964008,149.967932
123.091037,149.967932
123.218066,149.967932
123.345095,149.967932
123.472124,149.967932
123.599153,149.967932
123.726182,149.967932
123.853211,149.967932
123.980240,149.967932
124.107269,149.967932
124.234298,149.967932
124.361327,149.967932
124.488356,149.967932
124.615385,149.967932
124.742414,149.967932
124.869442,149.967932
124.996471,149.967932
125.123500,149.967932
125.250529,149.967932
125.377558,149.454837
125.504587,149.454837
125.631616,149.454837
125.758645,149.454837
125.885674,149.454837
126.012703,149.454837
126.139732,149.454837
126.266761,149.454837
126.393790,149.198290
126.520819,149.198290
126.647848,149.540353
126.774876,149.540353
126.901905,149.540353
127.028934,149.540353
127.155963,149.540353
127.282992,149.540353
127.410021,149.540353
127.537050,149.540353
127.664079,149.540353
127.791108,149.540353
127.918137,149.796900
128.045166,149.796900
128.172195,149.796900
128.299224,149.796900
128.426253,149.967932
128.553282,149.967932
128.680311,149.967932
128.807339,149.967932
128.934368,149.967932
129.061397,149.967932
129.188426,149.967932
129.315455,149.967932
137.318278,149.967932
137.445307,149.967932
137.572336,149.967932
137.699365,149.967932
137.826394,149.967932
137.953423,149.967932
138.080452,149.967932
138.207481,149.967932
138.588567,148.514164
138.715596,148.514164
138.842625,149.198290
138.969654,149.198290
139.096683,149.198290
139.223712,149.198290
139.350741,149.198290
139.477770,149.198290
139.604799,149.198290
139.731828,149.198290
139.858857,149.198290
139.985886,149.198290
140.112915,149.198290
140.239944,149.198290
144.304869,146.718332
144.431898,146.718332
144.558927,146.718332
144.685956,146.718332
144.812985,146.718332
144.940014,147.060396
145.067043,147.060396
145.194072,149.625869
145.321101,149.625869
145.448130,149.625869
145.575159,149.625869
145.702188,149.625869
145.829217,149.625869
145.956246,149.625869
146.083275,149.625869
146.210303,149.967932
146.337332,149.967932
146.464361,149.967932
146.591390,149.967932
146.718419,149.967932
146.845448,149.967932
146.972477,149.967932
147.099506,149.967932
147.226535,148.428648
147.353564,148.428648
147.480593,148.514164
147.607622,148.514164
147.734651,148.514164
147.861680,148.514164
147.988709,148.514164
148.115737,148.514164
148.242766,148.514164
148.369795,148.514164
148.496824,148.514164
148.623853,148.514164
148.750882,146.718332
148.877911,146.718332
149.004940,146.718332
149.131969,146.718332
149.258998,146.718332
149.386027,146.718332
149.513056,145.093533
149.640085,145.093533
149.767114,145.093533
149.894143,145.093533
150.021171,145.093533
150.148200,145.093533
150.275229,145.093533
150.402258,145.093533
150.529287,145.093533
150.656316,145.093533
150.783345,145.093533
151.545519,147.744522
151.672548,147.744522
151.799577,147.744522
151.926606,147.744522
152.053634,147.744522
152.180663,147.744522
152.307692,149.027258
152.434721,149.027258
152.561750,149.027258
152.688779,149.027258
152.815808,149.027258
152.942837,149.027258
153.069866,149.027258
153.196895,149.027258
153.323924,149.027258
153.450953,149.027258
153.577982,149.027258
153.705011,149.027258
153.832040,149.027258
153.959068,149.027258
154.086097,149.027258
154.213126,149.027258
154.340155,149.027258
154.467184,149.027258
154.594213,148.984500
154.721242,148.941742
154.848271,148.813469
154.975300,148.770711
155.102329,148.770711
155.229358,148.770711
155.356387,148.770711
155.483416,148.599679
155.610445,148.599679
155.737474,148.514164
155.864502,148.514164
155.991531,148.428648
156.118560,148.428648
156.245589,148.172100
156.372618,148.172100
156.499647,148.172100
156.626676,148.172100
156.753705,148.172100
156.880734,148.172100
157.007763,148.172100
157.134792,148.172100
157.261821,148.001069
157.388850,148.001069
157.515879,147.060396
157.642908,147.060396
157.769936,147.060396
157.896965,147.060396
158.023994,145.093533
158.151023,145.093533
158.278052,145.093533
158.405081,145.093533
158.532110,144.580438
158.659139,144.580438
158.786168,144.580438
158.913197,144.580438
159.040226,143.126670
159.167255,143.126670
159.294284,143.126670
159.421313,143.126670
159.548342,141.758418
159.675371,141.758418
159.802399,141.758418
159.929428,141.758418
160.056457,141.758418
160.183486,141.758418
160.310515,140.903260
160.437544,140.903260
160.564573,139.278461
160.691602,139.278461
160.818631,138.850882
160.945660,138.850882
161.072689,136.114377
161.199718,136.114377
161.326747,136.028862
161.453776,136.028862
162.342978,136.285409
162.470007,136.285409
162.597036,138.594335
162.724065,138.594335
162.851094,138.594335
162.978123,138.594335
163.105152,138.594335
163.232181,138.594335
163.359210,138.594335
163.486239,138.594335
178.856740,143.639765
178.983769,143.639765
179.110797,145.093533
179.237826,145.093533
179.364855,145.093533
179.491884,145.093533
179.618913,145.093533
179.745942,145.093533
179.872971,145.093533
180.000000,145.093533
180.127029,145.093533
180.254058,145.093533
180.381087,145.093533
180.508116,145.093533
180.635145,144.067344
180.762174,144.067344
181.651376,143.981828
181.778405,143.981828
181.905434,144.409407
182.032463,144.409407
182.159492,144.409407
182.286521,144.409407
182.413550,144.409407
182.540579,144.409407
182.667608,144.409407
182.794637,144.409407
182.921665,144.409407
183.048694,144.409407
183.175723,144.323891
183.302752,144.323891
185.208186,137.610903
185.335215,137.610903
185.462244,137.610903
185.589273,137.610903
185.716302,137.610903
185.843331,137.610903
185.970360,137.610903
186.097389,137.610903
186.224418,137.610903
186.351447,137.610903
186.478476,137.610903
186.605505,137.610903
186.732534,137.610903
186.859562,137.610903
192.067749,144.409407
192.194778,144.409407
192.321807,145.008017
192.448836,145.008017
192.575865,145.008017
192.702893,145.008017
192.829922,145.008017
192.956951,145.008017
193.083980,145.008017
193.211009,145.008017
193.592096,146.718332
193.719125,146.718332
193.846154,146.718332
193.973183,146.718332
194.100212,146.718332
194.227241,146.718332
194.354270,146.718332
194.481299,146.718332
194.608327,146.718332
194.735356,146.718332
194.862385,147.231427
194.989414,147.231427
195.116443,147.231427
195.243472,147.231427
195.370501,147.231427
195.497530,147.231427
195.624559,147.231427
195.751588,147.231427
195.878617,144.409407
196.005646,144.409407
196.132675,144.238375
196.259704,144.238375
196.386733,144.238375
196.513761,144.238375
196.640790,144.238375
196.767819,144.238375
196.894848,144.238375
197.021877,144.238375
197.148906,144.152859
197.275935,144.152859
197.784051,142.870123
197.911080,143.468733
198.038109,143.468733
198.165138,143.468733
198.292167,143.468733
198.419195,143.468733
198.546224,143.468733
198.673253,143.468733
198.800282,143.468733
198.927311,143.468733
199.054340,143.468733
199.181369,143.468733
199.308398,143.468733
203.373324,143.981828
203.500353,143.981828
203.627382,143.981828
203.754411,143.981828
203.881440,143.981828
204.008469,143.981828
204.135498,143.981828
204.262526,143.981828
204.389555,143.981828
204.516584,143.981828
204.643613,143.981828
204.770642,143.896312
204.897671,143.896312
205.024700,143.126670
205.151729,143.126670
205.278758,144.323891
205.405787,144.323891
205.532816,144.323891
205.659845,144.323891
205.786874,144.323891
205.913903,144.323891
206.040932,144.323891
206.167960,144.323891
207.565279,147.573490
207.692308,147.573490
207.819337,147.573490
207.946366,147.573490
208.073394,148.514164
208.200423,148.514164
208.327452,149.198290
208.454481,149.198290
208.581510,149.283805
208.708539,149.283805
208.835568,149.283805
208.962597,149.283805
209.089626,149.283805
209.216655,149.283805
209.343684,149.283805
209.470713,149.283805
209.597742,147.145911
209.724771,147.145911
209.851800,147.145911
209.978829,147.145911
210.105857,147.145911
210.232886,147.145911
210.359915,141.843934
210.486944,141.843934
210.613973,141.843934
210.741002,141.843934
210.868031,141.843934
211.376147,145.093533
211.503176,145.093533
211.630205,145.093533
211.757234,145.093533
211.884263,145.093533
212.011291,145.093533
212.138320,145.093533
212.265349,145.093533
212.392378,145.093533
212.519407,145.093533
212.646436,144.751470
212.773465,144.751470
212.900494,144.665954
213.027523,144.665954
213.154552,144.152859
213.281581,144.152859
213.408610,143.981828
213.535639,143.981828
213.662668,143.981828
213.789697,143.981828
213.916725,143.468733
214.043754,143.468733
214.170783,143.297702
214.297812,143.297702
214.424841,143.041154
214.551870,143.041154
214.678899,143.041154
214.805928,143.041154
214.932957,142.399786
215.059986,142.357028
215.187015,147.316943
215.314044,147.316943
215.441073,147.487974
215.568102,147.487974
215.695131,147.487974
215.822159,147.487974
215.949188,147.487974
216.076217,147.487974
216.203246,147.487974
216.330275,147.487974
216.457304,147.487974
216.584333,147.487974
216.711362,147.316943
216.838391,147.316943
216.965420,147.231427
217.092449,147.231427
217.219478,147.316943
217.346507,147.316943
217.473536,148.257616
217.600565,148.257616
217.727594,148.257616
217.854622,148.257616
217.981651,148.257616
218.108680,148.257616
218.235709,149.967932
218.362738,149.967932
218.489767,149.967932
218.616796,149.967932
218.743825,149.967932
218.870854,149.967932
218.997883,149.967932
219.124912,149.967932
219.251941,149.967932
219.378970,149.967932
219.505999,149.967932
219.633028,149.967932
219.760056,149.967932
219.887085,149.967932
220.014114,145.093533
220.141143,145.093533
220.268172,145.093533
220.395201,145.093533
220.522230,145.093533
220.649259,139.278461
220.776288,139.278461
220.903317,139.278461
221.030346,139.278461
221.157375,139.278461
221.284404,139.235703
221.411433,134.404062
221.538462,134.404062
221.665490,133.719936
221.792519,133.719936
221.919548,133.719936
222.046577,133.719936
222.427664,133.548904
222.554693,133.548904
222.681722,133.548904
222.808751,133.548904
222.935780,133.548904
223.062809,133.548904
223.189838,136.285409
223.316867,136.285409
223.443896,136.285409
223.570924,136.285409
223.697953,139.192945
223.824982,139.192945
223.952011,139.192945
224.079040,139.192945
224.206069,139.192945
224.333098,139.192945
224.460127,141.416355
224.587156,141.416355
224.714185,142.870123
224.841214,142.870123
224.968243,143.554249
225.095272,143.554249
225.222301,143.554249
225.349330,143.554249
225.476359,143.554249
225.603387,143.554249
225.730416,144.238375
225.857445,144.238375
225.984474,144.494923
226.111503,144.494923
226.238532,144.922501
226.365561,144.922501
226.492590,144.922501
226.619619,144.922501
226.746648,144.922501
226.873677,144.922501
227.000706,144.922501
227.127735,144.922501
227.254764,143.554249
227.381793,143.554249
227.508821,142.357028
227.635850,142.357028
227.762879,141.672902
227.889908,141.672902
228.016937,141.672902
228.143966,141.672902
228.270995,140.903260
228.398024,140.903260
228.779111,141.074292
228.906140,141.074292
229.033169,141.074292
229.160198,141.074292
229.287227,141.074292
229.414255,141.074292
229.541284,141.074292
229.668313,141.074292
230.303458,141.159808
230.430487,141.159808
230.557516,141.159808
230.684545,141.159808
230.811574,141.159808
230.938603,141.159808
231.065632,141.159808
231.192661,141.159808
231.319689,142.185997
231.446718,142.185997
231.573747,142.185997
231.700776,142.185997
231.827805,142.185997
231.954834,142.185997
232.081863,142.185997
232.208892,142.185997
232.335921,144.836986
232.462950,144.836986
232.589979,145.093533
232.717008,145.093533
232.844037,145.093533
232.971066,145.093533
233.098095,145.093533
233.225124,145.093533
233.352152,145.093533
233.479181,145.093533
233.860268,147.316943
233.987297,147.316943
234.114326,147.744522
234.241355,147.744522
234.368384,147.744522
234.495413,147.744522
234.622442,147.744522
234.749471,147.744522
234.876500,147.744522
235.003529,147.744522
235.130558,147.744522
235.257586,147.744522
235.384615,147.744522
235.511644,147.744522
236.400847,147.915553
236.527876,147.915553
236.654905,148.001069
236.781934,148.001069
236.908963,148.001069
237.035992,148.001069
237.163020,148.001069
237.290049,148.001069
237.417078,148.257616
237.544107,148.257616
237.671136,148.257616
237.798165,148.257616
237.925194,148.257616
238.052223,148.257616
238.179252,148.257616
238.306281,148.257616
239.195483,149.967932
239.322512,149.967932
239.449541,149.967932
239.576570,149.967932
239.703599,149.967932
239.830628,149.967932
239.957657,149.967932
240.084686,149.967932
240.211715,149.967932
240.338744,149.967932
240.465773,149.540353
240.592802,149.540353
240.719831,149.540353
240.846860,149.540353
240.973888,149.112774
241.100917,149.112774
241.227946,148.257616
241.354975,148.257616
241.482004,148.001069
241.609033,148.001069
241.736062,148.001069
241.863091,148.001069
241.990120,148.428648
242.117149,148.428648
242.244178,148.428648
242.371207,148.428648
242.498236,148.428648
242.625265,148.428648
242.752294,148.428648
242.879323,148.428648
243.006351,149.454837
243.133380,149.454837
243.260409,149.796900
243.387438,149.796900
243.514467,149.796900
243.641496,149.796900
243.768525,149.796900
243.895554,149.796900
244.022583,149.796900
244.149612,149.796900
245.800988,151.592731
245.928017,151.592731
246.055046,151.592731
246.182075,151.592731
246.309104,151.592731
246.436133,151.592731
246.563162,151.849278
246.690191,151.892036
246.817219,152.276857
246.944248,152.319615
247.071277,152.362373
247.198306,152.362373
247.325335,152.362373
247.452364,152.362373
247.579393,152.362373
247.706422,152.362373
247.833451,152.362373
247.960480,152.362373
248.849682,151.678247
248.976711,151.678247
249.103740,151.763763
249.230769,151.763763
249.357798,151.763763
249.484827,151.763763
249.611856,151.763763
249.738885,151.763763
249.865914,151.763763
249.992943,151.763763
250.119972,149.967932
250.247001,149.967932
250.374030,149.967932
250.501059,149.967932
250.628088,149.967932
250.755116,149.967932
250.882145,149.967932
251.009174,149.967932
251.136203,149.027258
251.263232,149.027258
251.390261,148.001069
251.517290,148.001069
251.644319,148.001069
251.771348,148.001069
251.898377,148.343132
252.025406,148.343132
252.152435,148.343132
252.279464,148.343132
252.406493,149.796900
252.533522,149.796900
252.660550,149.796900
252.787579,149.796900
252.914608,149.796900
253.041637,149.796900
253.168666,149.796900
253.295695,149.796900
253.422724,149.796900
253.549753,149.796900
253.676782,149.796900
253.803811,149.796900
253.930840,149.540353
254.057869,149.540353
254.184898,149.540353
254.311927,149.540353
254.438956,149.540353
254.565984,149.540353
266.379675,149.967932
266.506704,149.967932
266.633733,149.967932
266.760762,149.967932
266.887791,149.967932
267.014820,149.967932
267.141849,149.967932
267.268878,149.967932
267.395907,149.027258
267.522936,149.027258
270.190543,149.967932
270.317572,149.967932
270.444601,149.967932
270.571630,187.723143
270.698659,187.723143
270.825688,187.723143
270.952717,187.723143
271.079746,187.723143
271.206775,187.723143
271.333804,187.723143
271.460833,187.723143
271.587862,187.723143
271.714891,187.723143
271.841920,149.027258
272.985180,149.967932
273.112209,149.967932
273.239238,149.967932
273.366267,149.967932
273.493296,149.967932
273.620325,149.967932
273.747354,149.967932
273.874382,149.967932
275.779817,149.967932
275.906845,149.967932
276.033874,149.967932
276.160903,149.967932
276.287932,149.967932
276.414961,149.967932
276.541990,149.967932
276.669019,149.967932
276.796048,149.967932
276.923077,149.967932
277.812279,152.191342
277.939308,152.191342
278.066337,152.191342
278.193366,152.191342
278.320395,152.191342
278.447424,152.191342
278.574453,153.046499
278.701482,153.046499
278.828511,153.046499
278.955540,153.046499
279.082569,153.132015
279.209598,153.132015
279.336627,153.132015
279.463656,153.132015
279.590685,153.132015
279.717713,153.132015
279.844742,153.132015
279.971771,153.132015
280.098800,153.132015
280.225829,153.132015
280.352858,154.243720
280.479887,154.243720
280.606916,154.799572
280.733945,154.799572
280.860974,154.799572
280.988003,154.799572
281.115032,154.799572
281.242061,154.799572
281.369090,154.799572
281.496119,154.799572
282.385321,154.671299
282.512350,154.671299
282.639379,154.671299
282.766408,154.671299
282.893437,154.671299
283.020466,154.671299
283.147495,154.671299
283.274524,154.671299
283.401553,154.329236
283.528582,154.329236
283.655610,154.158204
283.782639,154.158204
283.909668,154.158204
284.036697,154.158204
284.163726,154.756815
284.290755,154.756815
284.417784,154.799572
284.544813,154.799572
284.671842,154.799572
284.798871,154.799572
284.925900,154.799572
285.052929,154.799572
285.179958,154.799572
285.306987,154.799572
285.434016,154.799572
285.561044,154.799572
287.212421,154.414751
287.339450,154.414751
287.466478,154.414751
287.593507,154.414751
287.720536,154.414751
287.847565,154.414751
287.974594,154.414751
288.101623,154.414751
288.228652,154.414751
288.355681,154.414751
288.482710,154.414751
288.609739,154.414751
288.736768,154.414751
288.863797,154.414751
288.990826,154.414751
289.117855,154.414751
289.244884,154.158204
289.371912,154.158204
289.498941,154.158204
289.625970,154.158204
289.752999,154.072688
289.880028,154.072688
290.007057,152.960983
290.134086,152.960983
290.261115,152.960983
290.388144,152.960983
290.515173,152.960983
290.642202,152.960983
290.769231,152.960983
290.896260,152.960983
291.023289,152.960983
291.150318,152.960983
291.277347,152.960983
291.404375,152.960983
291.785462,154.072688
291.912491,154.072688
292.039520,154.158204
292.166549,154.158204
292.293578,154.158204
292.420607,154.158204
292.547636,154.414751
292.674665,154.414751
292.801694,154.414751
292.928723,154.414751
293.055752,154.414751
293.182781,154.414751
293.309809,154.414751
293.436838,154.414751
293.563867,154.329236
293.690896,154.329236
293.817925,154.243720
293.944954,154.243720
295.088215,149.796900
295.215243,149.796900
295.342272,149.796900
295.469301,149.796900
295.596330,149.796900
295.723359,149.796900
295.850388,149.796900
295.977417,149.796900
296.104446,149.283805
296.231475,149.283805
296.358504,149.283805
296.485533,149.283805
296.612562,149.796900
296.739591,149.796900
296.866620,149.796900
296.993649,149.796900
297.120677,149.796900
297.247706,149.796900
297.374735,149.796900
297.501764,149.796900
297.628793,149.796900
297.755822,149.796900
297.882851,149.625869
298.009880,149.625869
298.136909,149.540353
298.263938,149.540353
298.390967,149.540353
298.517996,149.540353
298.645025,149.454837
298.772054,149.454837
299.026112,147.744522
299.153140,147.231427
299.280169,147.231427
301.185603,147.231427
301.312632,147.231427
301.439661,147.659006
301.566690,147.659006
301.693719,147.659006
301.820748,147.659006
301.947777,147.659006
302.074806,147.659006
302.201835,147.659006
302.328864,147.659006
302.455893,149.283805
302.582922,149.283805
302.709951,149.283805
302.836980,149.283805
302.964008,149.369321
303.091037,149.369321
303.218066,149.796900
303.345095,149.796900
303.472124,149.796900
303.599153,149.796900
303.726182,149.796900
303.853211,149.796900
303.980240,149.796900
304.107269,149.796900
304.234298,149.283805
304.361327,149.283805
304.488356,149.283805
304.615385,149.283805
304.742414,149.283805
304.869442,149.283805
304.996471,149.796900
305.123500,149.796900
305.250529,149.796900
305.377558,149.796900
305.504587,149.796900
305.631616,149.796900
305.758645,149.967932
305.885674,149.967932
306.012703,149.967932
306.139732,149.967932
306.266761,149.967932
306.393790,149.967932
306.520819,149.967932
306.647848,149.967932
306.774876,149.967932
306.901905,149.967932
307.028934,149.967932
307.155963,149.967932
307.282992,149.027258
307.410021,149.027258
307.537050,149.027258
307.664079,149.027258
307.791108,146.803848
307.918137,146.803848
308.045166,146.803848
308.172195,146.803848
308.299224,148.001069
308.426253,148.001069
308.553282,148.428648
308.680311,148.428648
308.807339,148.514164
308.934368,148.514164
309.061397,148.514164
309.188426,148.514164
309.315455,148.514164
309.442484,148.514164
309.569513,148.514164
309.696542,148.514164
309.823571,148.514164
309.950600,148.514164
310.077629,148.514164
310.204658,148.514164
310.331687,148.514164
310.458716,148.514164
310.585745,149.796900
310.712773,149.796900
310.839802,149.796900
310.966831,149.796900
311.093860,149.796900
311.220889,149.796900
311.347918,149.796900
311.474947,149.796900
313.634439,151.849278
313.761468,151.849278
313.888497,151.849278
314.015526,151.849278
314.142555,151.849278
314.269584,151.849278
314.396613,151.849278
314.523641,151.849278
314.650670,151.849278
314.777699,151.849278
314.904728,151.849278
315.031757,151.849278
315.158786,151.849278
315.285815,151.849278
315.412844,151.763763
315.539873,151.763763
316.175018,149.796900
316.302047,149.796900
316.429076,149.796900
316.556104,149.796900
316.683133,149.796900
316.810162,149.796900
316.937191,149.796900
317.064220,149.796900
317.191249,149.540353
317.318278,149.540353
317.699365,146.974880
317.826394,146.974880
317.953423,146.974880
318.080452,146.974880
318.207481,146.974880
318.334510,146.974880
318.461538,146.974880
318.588567,146.974880
318.715596,145.093533
318.842625,145.093533
318.969654,145.093533
319.096683,143.725281
319.223712,143.725281
319.350741,143.725281
319.477770,143.725281
319.604799,143.725281
319.731828,147.145911
319.858857,147.145911
319.985886,147.145911
320.112915,147.145911
320.239944,148.172100
320.366972,148.172100
320.494001,149.967932
320.621030,149.967932
320.748059,149.967932
320.875088,149.967932
321.002117,149.967932
321.129146,149.967932
321.256175,149.967932
321.383204,149.967932
321.510233,153.388562
321.637262,153.388562
321.764291,153.388562
321.891320,153.388562
322.018349,154.072688
322.145378,154.072688
322.272406,154.072688
322.399435,154.072688
322.526464,156.894709
322.653493,156.894709
322.780522,157.664351
322.907551,157.664351
323.034580,158.006414
323.161609,158.006414
323.288638,158.006414
323.415667,158.006414
323.542696,158.006414
323.669725,158.006414
323.796754,159.545697
323.923783,159.545697
324.050812,159.845003
324.177841,159.845003
324.304869,159.845003
324.431898,159.845003
324.558927,159.845003
324.685956,159.845003
324.812985,159.845003
324.940014,159.845003
325.067043,159.845003
325.194072,159.845003
325.321101,159.631213
325.448130,159.631213
325.575159,162.196686
325.702188,162.196686
325.829217,165.446285
325.956246,165.446285
326.083275,165.446285
326.210303,165.446285
326.337332,165.446285
326.464361,165.446285
326.591390,165.446285
326.718419,165.446285
326.845448,165.446285
326.972477,165.446285
327.099506,161.940139
327.226535,161.940139
327.353564,162.025655
327.480593,162.025655
327.607622,162.025655
327.734651,162.025655
327.861680,162.025655
327.988709,162.025655
328.115737,162.025655
328.242766,162.025655
328.369795,164.078033
328.496824,164.078033
328.623853,164.591128
328.750882,164.591128
328.877911,164.591128
329.004940,164.591128
329.131969,164.591128
329.258998,164.591128
329.386027,165.446285
329.513056,165.446285
329.640085,165.446285
329.767114,165.446285
329.894143,165.446285
330.021171,165.446285
330.148200,165.446285
330.275229,165.446285
330.402258,165.446285
330.529287,165.446285
330.656316,165.446285
330.783345,165.446285
330.910374,165.446285
331.037403,165.446285
331.164432,165.446285
331.291461,165.446285
331.418490,165.446285
331.545519,165.446285
331.672548,165.446285
331.799577,165.446285
331.926606,165.446285
332.053634,165.446285
332.180663,159.716729
332.307692,159.716729
332.434721,159.716729
332.561750,159.716729
332.688779,159.716729
332.815808,159.716729
332.942837,157.065740
333.069866,157.065740
336.118560,138.679850
336.245589,138.679850
336.372618,138.679850
336.499647,138.679850
336.626676,138.679850
336.753705,138.679850
336.880734,138.679850
337.007763,138.679850
341.453776,141.672902
341.580805,141.672902
341.707833,141.672902
341.834862,141.672902
341.961891,141.672902
342.088920,141.672902
342.215949,141.672902
342.342978,141.672902
345.772759,139.107429
345.899788,139.107429
346.026817,139.107429
346.153846,139.107429
346.280875,139.107429
346.407904,139.107429
346.534933,139.107429
346.661962,139.107429
346.788991,137.653661
346.916020,137.653661
347.043049,137.653661
347.170078,137.653661
347.297107,137.653661
347.424135,137.653661
347.551164,137.653661
347.678193,137.653661
347.805222,137.653661
347.932251,137.653661
348.313338,137.653661
348.440367,137.653661
348.567396,137.653661
348.694425,137.653661
348.821454,137.653661
348.948483,137.653661
349.075512,137.653661
349.202541,137.653661
349.329570,137.653661
349.456598,137.653661
349.583627,137.653661
349.710656,137.653661
349.837685,137.568145
349.964714,137.568145
350.091743,134.061999
350.218772,134.061999
350.345801,131.924105
350.472830,131.924105
350.599859,131.924105
350.726888,131.924105
350.853917,131.924105
350.980946,131.924105
351.107975,133.164083
351.235004,133.206841
351.362032,136.884019
351.489061,136.884019
351.616090,136.884019
351.743119,136.884019
351.870148,137.653661
351.997177,137.653661
352.124206,138.850882
352.251235,138.850882
352.378264,139.278461
352.505293,139.278461
352.632322,139.278461
352.759351,139.278461
352.886380,139.278461
353.013409,139.278461
353.140438,139.278461
353.267466,139.278461
353.394495,139.278461
353.521524,139.278461
353.648553,139.192945
353.775582,139.192945
353.902611,139.192945
354.029640,139.192945
354.156669,139.192945
354.283698,139.192945
354.410727,139.192945
354.537756,139.192945
354.664785,139.192945
354.791814,139.192945
354.918843,138.166756
355.045872,138.166756
355.172900,138.081240
355.299929,138.081240
355.426958,137.397114
355.553987,137.397114
355.681016,137.397114
355.808045,137.397114
355.935074,136.884019
356.062103,136.884019
356.189132,136.370925
356.316161,136.370925
356.443190,136.370925
356.570219,136.370925
356.697248,136.456440
356.824277,136.456440
356.951306,136.884019
357.078335,136.884019
357.205363,139.278461
357.332392,139.278461
357.459421,139.278461
357.586450,139.278461
357.713479,139.278461
357.840508,139.278461
357.967537,139.278461
358.094566,139.278461
359.491884,141.672902
359.618913,141.672902
359.745942,142.271513
359.872971,142.271513
360.000000,142.271513
360.127029,142.271513
360.254058,142.271513
360.381087,142.271513
360.508116,142.271513
360.635145,142.271513
360.762174,143.041154
360.889203,143.041154
361.016231,143.041154
361.143260,143.041154
361.270289,143.041154
361.397318,143.041154
361.524347,143.041154
361.651376,143.041154
361.778405,143.041154
361.905434,143.041154
362.032463,141.929449
362.159492,141.929449
362.286521,141.929449
362.413550,141.929449
362.540579,142.699091
362.667608,142.699091
362.794637,142.784607
362.921665,142.784607
363.048694,143.810796
363.175723,143.810796
363.302752,143.810796
363.429781,143.810796
363.556810,143.810796
363.683839,143.810796
363.810868,143.810796
363.937897,143.810796
364.064926,143.810796
364.191955,143.810796
364.318984,143.810796
364.446013,143.810796
364.573042,143.810796
364.700071,143.810796
365.335215,141.245323
365.462244,141.245323
365.589273,141.245323
365.716302,141.245323
365.843331,141.245323
365.970360,141.245323
366.097389,141.245323
366.224418,141.245323
366.605505,139.278461
366.732534,139.278461
366.859562,139.278461
366.986591,139.278461
367.113620,139.278461
367.240649,139.278461
367.367678,139.278461
367.494707,139.278461
367.621736,136.541956
367.748765,136.541956
367.875794,136.541956
368.002823,136.541956
372.321807,147.573490
372.448836,147.573490
372.575865,147.573490
372.702893,147.573490
372.829922,147.573490
372.956951,147.573490
373.083980,147.573490
373.211009,142.528060
373.338038,142.528060
373.465067,142.528060
373.592096,142.528060
373.719125,137.397114
373.846154,137.397114
374.227241,137.910208
374.354270,137.910208
374.481299,137.910208
374.608327,137.910208
374.735356,137.910208
374.862385,137.910208
374.989414,137.910208
375.116443,137.910208
375.243472,137.910208
375.370501,137.910208
375.497530,137.482630
375.624559,137.482630
376.767819,136.199893
376.894848,136.199893
377.021877,136.199893
377.148906,136.199893
377.275935,137.739177
377.402964,137.739177
377.529993,138.166756
377.657022,138.166756
377.784051,143.468733
377.911080,143.468733
378.038109,143.639765
378.165138,143.639765
378.292167,145.093533
378.419195,145.093533
378.546224,145.093533
378.673253,145.093533
378.800282,148.257616
378.927311,148.257616
379.054340,148.770711
379.181369,148.770711
379.308398,148.770711
379.435427,148.770711
379.562456,151.678247
379.689485,151.678247
379.816514,151.678247
379.943543,151.678247
380.070572,152.789952
380.197601,152.789952
380.324629,152.789952
380.451658,152.789952
380.578687,152.789952
380.705716,152.789952
380.832745,154.671299
380.959774,154.671299
381.086803,154.799572
381.213832,156.680919
381.340861,156.680919
381.467890,156.680919
381.594919,156.680919
381.721948,158.947087
381.848977,158.947087
381.976006,158.989845
382.103035,158.989845
382.230064,158.989845
382.357092,158.989845
382.484121,158.989845
382.611150,158.989845
382.738179,158.989845
382.865208,158.947087
382.992237,158.049172
383.119266,158.006414
383.246295,156.809193
383.373324,153.901657
383.500353,153.901657
383.627382,148.257616
383.754411,148.257616
383.881440,148.257616
384.008469,148.257616
384.135498,148.257616
384.262526,148.257616
384.389555,148.257616
384.516584,148.257616
385.151729,147.060396
385.278758,147.060396
385.405787,147.060396
385.532816,147.060396
385.659845,147.060396
385.786874,147.060396
385.913903,147.060396
386.040932,147.060396
386.167960,147.060396
386.294989,147.060396
386.422018,147.060396
386.549047,147.060396
386.676076,145.093533
386.803105,145.093533
386.930134,143.041154
387.057163,143.041154
387.184192,143.041154
387.311221,143.041154
387.438250,143.041154
387.565279,143.041154
387.692308,139.278461
387.819337,139.278461
387.946366,139.278461
388.073394,139.278461
388.200423,136.199893
388.327452,132.522715
388.454481,132.522715
388.581510,132.522715
388.708539,129.444148
388.835568,129.444148
388.962597,129.444148
389.089626,129.444148
389.216655,134.019241
389.343684,134.061999
389.470713,134.104757
389.597742,134.147515
389.724771,134.147515
389.851800,134.147515
389.978829,134.147515
390.105857,134.147515
390.232886,134.147515
390.359915,134.147515
390.486944,133.121325
390.613973,133.121325
390.741002,133.121325
390.868031,133.121325
390.995060,133.121325
391.122089,133.121325
391.249118,134.404062
391.376147,134.404062
391.503176,134.404062
391.630205,134.404062
391.757234,134.404062
391.884263,134.404062
392.011291,134.404062
392.138320,134.404062
392.519407,137.397114
392.646436,137.397114
392.773465,137.397114
392.900494,137.397114
393.027523,137.397114
393.154552,137.397114
393.281581,137.397114
393.408610,137.397114
393.535639,137.653661
393.662668,137.653661
393.789697,137.653661
393.916725,137.653661
394.043754,137.653661
394.170783,137.653661
394.297812,137.653661
394.424841,137.653661
394.551870,137.397114
394.678899,137.397114
394.805928,138.423303
394.932957,138.423303
395.059986,139.107429
395.187015,139.107429
395.314044,139.192945
395.441073,139.192945
395.568102,139.192945
395.695131,139.192945
395.822159,139.192945
395.949188,139.192945
396.076217,139.192945
396.203246,139.192945
396.330275,138.765366
396.457304,138.765366
396.584333,138.679850
396.711362,138.679850
396.838391,138.594335
396.965420,138.594335
397.092449,137.140567
397.219478,137.140567
397.346507,137.910208
397.473536,137.910208
397.600565,137.910208
397.727594,137.910208
397.854622,137.910208
397.981651,137.910208
398.108680,137.910208
398.235709,137.910208
398.362738,137.910208
398.489767,137.910208
398.616796,134.404062
398.743825,134.404062
398.870854,134.404062
398.997883,134.404062
399.124912,136.328167
399.251941,136.370925
399.378970,136.413683
399.505999,136.456440
399.633028,136.499198
399.760056,136.541956
399.887085,139.278461
400.014114,139.278461
400.141143,139.278461
400.268172,139.278461
400.395201,139.278461
400.522230,139.278461
400.649259,139.278461
400.776288,139.278461
400.903317,139.278461
401.030346,139.278461
401.157375,139.278461
401.284404,139.278461
401.411433,139.192945
401.538462,139.192945
401.665490,138.936398
401.792519,138.936398
401.919548,139.021913
402.046577,139.021913
402.173606,143.297702
402.300635,143.297702
402.427664,143.297702
402.554693,143.297702
402.681722,143.297702
402.808751,143.297702
402.935780,143.297702
403.062809,143.297702
403.189838,143.297702
403.316867,143.297702
403.443896,143.212186
403.570924,143.212186
403.697953,139.278461
403.824982,139.278461
403.952011,137.824693
404.079040,137.824693
404.206069,137.824693
404.333098,137.824693
404.460127,137.824693
404.587156,137.824693
404.714185,137.397114
404.841214,137.397114
404.968243,137.397114
405.095272,137.397114
405.222301,138.850882
405.349330,138.850882
405.476359,139.278461
405.603387,139.278461
405.730416,139.278461
405.857445,139.278461
405.984474,139.278461
406.111503,139.278461
406.238532,139.278461
406.365561,139.278461
406.492590,138.850882
406.619619,138.423303
406.746648,137.568145
406.873677,137.568145
407.000706,133.548904
407.127735,133.548904
407.254764,133.377873
407.381793,133.377873
407.508821,133.377873
407.635850,133.377873
407.762879,133.377873
407.889908,133.377873
408.016937,133.206841
408.143966,133.206841
408.270995,132.650989
408.398024,132.095136
408.525053,134.361304
408.652082,134.404062
408.779111,134.404062
408.906140,134.404062
409.033169,134.404062
409.160198,134.404062
409.287227,134.404062
409.414255,134.404062
409.541284,134.404062
410.938603,136.627472
411.065632,138.209514
411.192661,138.252272
411.319689,138.252272
411.446718,138.252272
411.573747,138.252272
411.700776,138.252272
411.827805,138.808124
411.954834,138.850882
412.081863,139.021913
412.208892,139.021913
412.335921,141.501871
412.462950,141.501871
412.589979,143.126670
412.717008,143.126670
412.844037,143.212186
412.971066,143.212186
413.098095,143.212186
413.225124,143.212186
413.352152,143.212186
413.479181,143.212186
413.606210,143.212186
413.733239,143.212186
413.860268,143.212186
413.987297,143.212186
414.114326,145.093533
414.241355,145.093533
414.368384,145.093533
414.495413,145.093533
414.622442,145.093533
414.749471,145.093533
414.876500,145.093533
415.003529,145.093533
415.892731,147.316943
416.019760,147.316943
416.146789,147.316943
416.273818,147.316943
416.400847,148.856227
416.527876,148.856227
416.654905,148.856227
416.781934,148.856227
416.908963,148.856227
417.035992,148.856227
417.163020,148.856227
417.290049,148.856227
417.417078,148.685195
417.544107,148.685195
417.671136,144.751470
417.798165,144.751470
417.925194,144.751470
418.052223,144.751470
418.179252,144.751470
418.306281,144.751470
418.433310,144.751470
418.560339,144.751470
418.687368,143.981828
418.814397,143.981828
418.941426,143.981828
419.068454,143.981828
419.195483,139.192945
419.322512,139.192945
419.449541,139.192945
419.576570,139.192945
419.703599,139.192945
419.830628,139.192945
419.957657,139.107429
420.084686,139.107429
420.211715,139.107429
420.338744,139.107429
420.465773,139.107429
420.592802,139.107429
420.719831,139.107429
420.846860,139.107429
420.973888,138.679850
421.100917,138.679850
421.227946,138.679850
421.354975,138.679850
421.482004,138.679850
421.736062,139.278461
421.863091,139.278461
421.990120,139.278461
422.117149,139.278461
422.244178,139.278461
422.371207,139.278461
422.498236,139.278461
422.625265,139.278461
423.260409,141.416355
423.387438,141.416355
423.514467,141.501871
423.641496,141.501871
423.768525,141.501871
423.895554,141.501871
424.022583,141.501871
424.149612,141.501871
424.276641,141.501871
424.403670,141.501871
424.530699,141.501871
424.657728,141.501871
424.784757,141.245323
424.911785,141.245323
425.038814,141.245323
425.165843,141.245323
425.292872,141.245323
425.419901,141.245323
425.546930,139.192945
425.673959,139.192945
425.800988,139.278461
425.928017,139.278461
426.055046,139.278461
426.182075,139.278461
426.309104,139.278461
426.436133,139.278461
426.563162,139.278461
431.390261,144.751470
431.517290,144.751470
431.644319,144.751470
431.771348,144.751470
431.898377,144.751470
432.025406,144.751470
432.152435,144.751470
432.279464,144.751470
432.406493,144.751470
432.533522,144.751470
432.660550,143.981828
432.787579,143.981828
432.914608,143.981828
433.041637,143.981828
433.168666,143.639765
433.295695,143.639765
433.422724,143.468733
433.549753,143.468733
433.676782,142.784607
433.803811,142.784607
433.930840,142.784607
434.057869,142.784607
434.184898,142.699091
434.311927,142.699091
434.438956,142.271513
434.565984,142.271513
434.693013,142.271513
434.820042,142.271513
434.947071,140.988776
435.074100,140.988776
435.201129,140.988776
435.328158,140.988776
435.455187,140.988776
435.582216,140.988776
435.709245,140.988776
435.836274,140.988776
435.963303,140.903260
436.090332,140.903260
436.217361,141.416355
436.344390,141.416355
436.471418,141.758418
436.598447,141.758418
436.725476,141.758418
436.852505,141.758418
436.979534,141.758418
437.106563,141.758418
437.233592,142.357028
437.360621,142.357028
437.487650,143.212186
437.614679,143.212186
437.741708,143.212186
437.868737,143.212186
437.995766,143.212186
438.122795,143.212186
438.249824,143.981828
438.376853,143.981828
438.503881,144.067344
438.630910,144.067344
438.757939,144.067344
438.884968,144.067344
439.011997,144.067344
439.139026,144.067344
439.266055,144.922501
439.393084,144.922501
439.520113,144.922501
439.647142,144.922501
439.774171,144.922501
439.901200,144.922501
440.028229,144.922501
440.155258,144.922501
441.298518,146.974880
441.425547,146.974880
441.552576,147.573490
441.679605,147.573490
441.806634,147.573490
441.933663,147.573490
442.060692,147.573490
442.187721,147.573490
442.314749,147.573490
442.441778,147.573490
442.568807,147.487974
442.695836,147.487974
442.822865,147.060396
442.949894,147.060396
443.076923,147.060396
443.203952,147.060396
443.330981,147.060396
443.458010,147.060396
443.585039,147.060396
443.712068,147.060396
443.839097,146.718332
443.966126,146.718332
444.093155,143.896312
444.220183,143.896312
444.347212,141.159808
444.474241,141.159808
444.601270,141.159808
444.728299,141.159808
444.855328,141.159808
444.982357,141.159808
445.109386,138.166756
445.236415,138.166756
445.363444,138.166756
445.490473,138.166756
445.617502,138.637092
445.744531,138.679850
445.871560,139.278461
445.998589,139.278461
446.125618,139.278461
446.252646,139.278461
446.379675,139.278461
446.506704,139.278461
446.633733,142.185997
446.760762,142.185997
446.887791,142.699091
447.014820,142.699091
447.141849,142.784607
447.268878,142.784607
447.395907,142.784607
447.522936,142.784607
447.649965,142.784607
447.776994,142.784607
447.904023,142.784607
448.031052,142.784607
448.158080,139.278461
448.285109,139.278461
448.412138,139.278461
448.539167,139.278461
448.666196,139.278461
448.793225,139.278461
448.920254,139.278461
449.047283,139.278461
449.174312,142.955639
449.301341,142.955639
449.428370,142.955639
449.555399,142.955639
449.682428,144.751470
449.809457,144.751470
449.936486,144.751470
450.063514,144.751470
450.190543,144.836986
450.317572,144.836986
450.444601,144.836986
450.571630,144.836986
450.698659,144.836986
450.825688,144.836986
450.952717,144.836986
451.079746,144.836986
451.460833,144.323891
451.587862,144.323891
451.714891,144.323891
451.841920,144.323891
451.968948,144.323891
452.095977,144.323891
452.223006,144.323891
452.350035,144.323891
452.477064,144.238375
452.604093,144.238375
452.731122,144.238375
452.858151,144.238375
452.985180,144.152859
453.112209,144.152859
453.620325,128.375200
453.747354,139.278461
453.874382,139.278461
454.001411,139.278461
454.128440,139.278461
454.255469,139.278461
454.382498,139.278461
454.509527,139.278461
454.636556,138.850882
454.763585,132.095136
454.890614,132.095136
455.017643,132.095136
455.144672,132.095136
455.271701,132.052378
455.398730,132.009621
455.525759,132.009621
455.652788,132.608231
455.779817,132.608231
455.906845,132.608231
456.033874,132.608231
456.160903,132.608231
456.287932,132.608231
456.414961,132.608231
456.541990,132.608231
456.669019,132.608231
456.796048,132.565473
456.923077,132.522715
457.050106,132.479957
457.177135,132.095136
457.304164,132.095136
457.431193,132.095136
457.558222,132.095136
457.685251,132.095136
457.812279,132.052378
457.939308,132.009621
458.066337,131.966863
458.955540,129.444148
459.082569,129.444148
459.209598,129.444148
459.336627,129.444148
459.463656,129.444148
459.590685,129.444148
459.717713,129.444148
459.844742,129.444148
459.971771,129.444148
460.098800,129.444148
460.225829,129.444148
460.352858,129.444148
460.479887,128.375200
460.606916,128.375200
460.733945,128.204169
460.860974,128.204169
460.988003,128.204169
461.115032,128.204169
461.242061,124.099412
461.369090,124.099412
461.496119,124.099412
461.623147,124.099412
461.750176,124.099412
461.877205,124.099412
462.004234,124.099412
462.131263,124.099412
462.258292,123.586317
462.385321,123.586317
462.512350,122.132549
462.639379,122.132549
462.766408,122.132549
462.893437,122.132549
463.528582,122.645644
463.655610,122.645644
463.782639,122.645644
463.909668,122.645644
464.036697,124.184928
464.163726,124.184928
464.290755,124.184928
464.417784,124.184928
464.544813,124.184928
464.671842,124.184928
464.798871,124.612507
464.925900,124.612507
465.052929,124.612507
465.179958,124.612507
465.306987,128.375200
465.434016,129.016569
465.561044,129.059327
465.688073,129.102084
465.815102,132.009621
465.942131,132.009621
466.069160,134.404062
466.196189,134.404062
466.323218,134.404062
466.450247,134.404062
466.577276,134.404062
466.704305,134.404062
466.831334,134.404062
466.958363,134.404062
468.228652,136.370925
468.355681,136.370925
468.482710,136.370925
468.609739,136.370925
468.736768,136.370925
468.863797,136.456440
468.990826,138.594335
469.117855,138.594335
469.244884,138.594335
469.371912,138.594335
469.498941,139.278461
469.625970,139.278461
469.752999,139.278461
469.880028,139.278461
470.007057,141.758418
470.134086,141.758418
470.261115,141.929449
470.388144,141.929449
470.515173,141.929449
470.642202,141.929449
470.769231,141.929449
470.896260,141.929449
471.023289,143.725281
471.150318,143.725281
471.277347,143.725281
471.404375,143.725281
471.531404,143.725281
471.658433,143.725281
471.785462,143.725281
471.912491,143.725281
472.039520,147.316943
472.166549,147.316943
472.293578,147.316943
472.420607,147.316943
472.547636,147.316943
472.674665,147.316943
472.801694,147.316943
472.928723,147.316943
473.563867,148.257616
473.690896,148.257616
473.817925,148.257616
473.944954,148.257616
474.071983,148.257616
474.199012,148.257616
474.326041,148.257616
474.453070,148.257616
474.580099,147.316943
474.707128,147.316943
474.834157,147.316943
474.961186,147.316943
475.088215,147.316943
475.215243,147.316943
475.342272,146.718332
475.469301,146.718332
475.596330,145.093533
475.723359,145.093533
475.850388,145.093533
475.977417,145.093533
476.104446,145.093533
476.231475,145.093533
476.358504,145.093533
476.485533,145.093533
476.612562,145.093533
476.739591,145.093533
476.866620,145.093533
476.993649,145.093533
477.120677,145.093533
477.247706,145.093533
477.374735,145.093533
477.501764,145.093533
477.628793,144.580438
477.755822,144.580438
477.882851,144.580438
478.009880,144.580438
478.136909,142.699091
478.263938,137.653661
478.390967,137.653661
478.517996,137.653661
478.645025,137.653661
478.772054,137.653661
478.899083,139.021913
479.026112,139.021913
479.153140,139.021913
479.280169,139.021913
479.407198,141.843934
479.534227,141.843934
479.661256,143.212186
479.788285,143.212186
479.915314,143.981828
480.042343,143.981828
480.169372,145.093533
480.296401,145.093533
480.423430,145.093533
480.550459,145.093533
480.677488,145.093533
480.804517,145.093533
480.931546,145.093533
481.058574,145.093533
481.185603,145.093533
481.312632,145.093533
481.439661,145.093533
481.566690,145.093533
481.693719,145.093533
481.820748,145.093533
481.947777,145.093533
482.074806,145.093533
482.201835,143.981828
482.328864,143.981828
482.455893,141.672902
482.582922,141.672902
482.709951,139.107429
482.836980,139.107429
482.964008,139.107429
483.091037,139.107429
483.218066,137.739177
483.345095,136.627472
483.472124,136.627472
483.599153,136.627472
483.726182,136.627472
483.853211,136.627472
483.980240,136.627472
484.107269,136.627472
484.234298,136.627472
484.361327,136.627472
484.488356,136.627472
488.553282,141.245323
488.680311,141.245323
488.807339,141.245323
488.934368,141.245323
489.061397,141.245323
489.188426,141.245323
489.315455,141.245323
489.442484,141.245323
489.569513,140.903260
489.696542,140.903260
489.823571,138.252272
489.950600,138.252272
490.077629,138.252272
490.204658,138.252272
490.331687,138.252272
490.458716,137.397114
490.585745,137.354356
490.712773,136.285409
490.839802,136.242651
490.966831,132.266168
491.093860,132.266168
491.220889,132.266168
491.347918,132.266168
491.474947,129.230358
491.601976,129.230358
491.729005,126.750401
491.856034,126.750401
491.983063,126.750401
492.110092,126.750401
492.237121,127.349011
492.364150,127.349011
492.491179,127.434527
492.618207,127.434527
492.745236,127.605559
492.872265,127.605559
492.999294,128.460716
493.126323,128.503474
493.253352,129.444148
493.380381,129.444148
493.507410,129.444148
493.634439,129.444148
493.761468,131.411010
493.888497,131.411010
494.015526,132.351684
494.142555,132.351684
494.269584,132.351684
494.396613,132.351684
494.523641,132.351684
494.650670,132.351684
494.777699,134.404062
494.904728,134.404062
495.031757,134.404062
495.158786,134.404062
495.285815,134.404062
495.412844,138.637092
495.539873,138.679850
495.666902,138.679850
495.793931,138.679850
495.920960,138.808124
496.047989,138.850882
496.175018,139.064671
496.302047,139.107429
496.429076,139.107429
496.556104,139.107429
496.683133,139.107429
496.810162,139.107429
496.937191,139.107429
497.064220,139.107429
497.191249,139.107429
497.318278,139.107429
497.445307,139.107429
497.572336,139.107429
497.699365,137.867451
499.096683,134.404062
499.223712,134.404062
499.350741,134.404062
499.477770,134.404062
499.604799,134.404062
499.731828,134.404062
499.858857,134.404062
499.985886,134.404062
500.112915,134.404062
500.239944,134.404062
500.621030,136.969535
500.748059,136.969535
500.875088,136.969535
501.002117,138.123998
501.129146,138.123998
501.256175,138.123998
501.383204,138.123998
501.510233,138.123998
501.637262,138.123998
501.764291,138.123998
502.018349,137.910208
502.145378,137.910208
502.272406,137.910208
502.399435,137.910208
502.526464,137.910208
502.653493,137.910208
502.780522,137.910208
502.907551,137.824693
503.034580,137.867451
503.161609,137.867451
503.288638,138.893640
503.415667,138.936398
503.542696,139.278461
503.669725,139.278461
503.796754,141.288081
503.923783,141.330839
504.050812,141.416355
504.177841,141.416355
504.304869,141.416355
504.431898,141.416355
504.558927,141.416355
504.685956,141.416355
504.812985,142.143239
504.940014,142.185997
505.067043,142.185997
505.194072,142.185997
505.321101,142.185997
505.448130,142.185997
505.575159,142.185997
505.702188,142.185997
505.829217,142.185997
505.956246,142.185997
508.369795,142.528060
508.496824,142.528060
508.623853,143.041154
508.750882,143.041154
508.877911,143.041154
509.004940,143.041154
509.131969,143.041154
509.258998,143.041154
509.386027,143.041154
509.513056,143.041154
509.640085,143.041154
509.767114,143.041154
509.894143,143.041154
510.021171,143.041154
510.148200,142.955639
510.275229,142.955639
510.402258,141.929449
510.529287,141.929449
510.656316,141.929449
510.783345,141.929449
510.910374,141.929449
511.037403,141.929449
511.164432,141.416355
511.291461,141.416355
511.418490,141.416355
511.545519,141.416355
511.799577,139.278461
512.180663,139.278461
512.307692,139.278461
512.434721,139.278461
512.561750,139.278461
512.688779,139.278461
512.815808,139.278461
512.942837,141.373597
513.069866,141.416355
513.196895,141.416355
513.323924,141.416355
513.450953,141.416355
513.577982,141.416355
513.705011,142.057723
513.832040,142.100481
513.959068,142.271513
514.086097,142.271513
514.213126,142.271513
514.340155,142.271513
514.467184,142.271513
514.594213,142.271513
514.721242,142.271513
514.848271,142.271513
514.975300,142.185997
515.102329,142.185997
515.229358,142.271513
515.356387,142.271513
515.483416,142.442544
515.610445,142.442544
515.737474,142.442544
515.864502,142.442544
515.991531,142.442544
516.118560,142.442544
516.245589,142.442544
516.372618,142.442544
516.499647,141.929449
516.626676,141.929449
516.753705,141.929449
516.880734,141.929449
517.007763,142.271513
517.134792,142.271513
517.261821,142.870123
517.388850,142.870123
517.515879,142.870123
517.642908,142.870123
517.769936,143.981828
517.896965,143.981828
518.023994,144.665954
518.151023,144.665954
518.278052,144.751470
518.405081,144.751470
518.532110,144.751470
518.659139,144.751470
518.786168,144.751470
518.913197,144.751470
519.040226,144.751470
519.167255,144.751470
521.834862,147.830037
521.961891,147.830037
522.088920,149.283805
522.215949,149.283805
522.342978,149.967932
522.470007,149.967932
522.597036,149.967932
522.724065,149.967932
522.851094,149.967932
522.978123,149.967932
523.105152,149.967932
523.232181,149.967932
524.121383,151.849278
524.248412,151.849278
524.375441,151.849278
524.502470,151.849278
524.629499,153.474078
524.756528,153.474078
524.883557,153.474078
525.010586,153.474078
525.137615,153.474078
525.264644,153.474078
525.391673,153.474078
525.518701,153.474078
525.899788,153.388562
526.026817,153.388562
526.153846,153.388562
526.280875,153.388562
526.407904,153.388562
526.534933,153.388562
526.661962,153.388562
526.788991,153.388562
527.424135,143.639765
527.551164,143.639765
527.678193,143.639765
527.805222,143.639765
527.932251,143.639765
528.059280,143.639765
528.186309,143.639765
528.313338,143.639765
528.440367,143.468733
528.567396,143.468733
528.694425,143.468733
528.821454,143.468733
528.948483,143.468733
529.075512,143.468733
529.202541,144.152859
529.329570,144.152859
529.456598,144.238375
529.583627,144.238375
529.710656,144.238375
529.837685,144.238375
529.964714,144.238375
530.091743,144.238375
530.218772,144.238375
530.345801,144.238375
530.472830,144.665954
530.599859,144.665954
530.726888,144.751470
530.853917,144.751470
530.980946,144.751470
531.107975,144.751470
531.235004,144.751470
531.362032,144.751470
531.489061,144.751470
531.616090,144.751470
531.743119,144.751470
531.870148,144.751470
531.997177,145.093533
532.124206,145.093533
532.251235,145.093533
532.378264,145.093533
532.505293,145.093533
532.632322,145.093533
532.759351,145.093533
532.886380,145.093533
534.029640,143.126670
534.156669,143.126670
534.283698,143.126670
534.410727,143.126670
534.537756,143.126670
534.664785,143.126670
534.791814,143.126670
534.918843,143.126670
536.062103,138.594335
536.189132,138.594335
536.316161,138.594335
536.443190,138.594335
536.570219,138.594335
536.697248,138.594335
536.824277,138.594335
536.951306,138.594335
537.078335,138.166756
537.205363,138.166756
537.332392,138.166756
537.459421,138.166756
537.586450,138.166756
537.713479,138.166756
537.840508,138.166756
537.967537,138.166756
538.094566,138.166756
538.221595,138.166756
538.348624,138.166756
538.475653,138.166756
538.602682,138.166756
538.729711,138.166756
538.856740,138.166756
538.983769,138.166756
539.110797,137.397114
539.237826,137.397114
539.364855,138.637092
539.491884,138.679850
539.618913,138.679850
539.745942,138.679850
539.872971,138.679850
540.000000,138.679850
540.127029,141.758418
540.254058,141.758418
540.381087,143.212186
540.508116,143.212186
540.635145,143.212186
540.762174,143.212186
540.889203,143.212186
541.016231,143.212186
541.143260,143.212186
541.270289,143.212186
546.478476,149.967932
546.605505,149.967932
546.732534,149.967932
546.859562,149.967932
546.986591,149.967932
547.113620,149.967932
547.240649,149.967932
547.367678,149.967932
547.494707,144.836986
547.621736,144.836986
548.002823,143.981828
548.129852,143.981828
548.256881,143.981828
548.383910,143.981828
548.510939,143.981828
548.637968,143.981828
548.764996,143.981828
548.892025,143.981828
549.019054,143.639765
549.146083,143.639765
549.273112,141.672902
549.400141,141.672902
549.527170,141.672902
549.654199,141.672902
549.781228,139.278461
549.908257,139.278461
550.035286,138.423303
550.162315,138.423303
550.289344,137.568145
550.416373,137.568145
550.543402,136.627472
550.670430,136.370925
550.797459,136.370925
550.924488,136.370925
551.051517,136.328167
551.305575,137.696419
551.432604,137.739177
551.559633,138.722608
551.686662,138.765366
551.813691,138.765366
551.940720,138.765366
552.067749,138.765366
552.194778,138.765366
552.321807,142.271513
552.448836,142.271513
552.575865,142.271513
552.702893,142.271513
552.829922,142.271513
552.956951,142.271513
553.083980,143.297702
553.211009,143.297702
553.338038,143.297702
553.465067,143.297702
553.592096,143.297702
553.719125,143.297702
553.846154,143.297702
553.973183,143.297702
554.100212,143.297702
554.227241,143.297702
554.354270,143.212186
554.481299,143.212186
554.608327,142.955639
554.735356,142.955639
554.862385,142.955639
554.989414,142.955639
555.116443,142.955639
555.243472,142.955639
555.370501,142.955639
555.497530,142.955639
555.624559,142.955639
555.751588,142.955639
555.878617,142.955639
556.005646,142.955639
556.132675,143.297702
556.259704,143.297702
556.386733,143.297702
556.513761,143.297702
556.640790,143.297702
556.767819,143.297702
556.894848,143.297702
557.021877,143.297702
557.148906,143.297702
557.275935,143.297702
557.402964,144.152859
557.529993,144.152859
557.657022,144.152859
557.784051,144.152859
557.911080,144.494923
558.038109,144.494923
558.165138,144.494923
558.292167,144.494923
558.419195,144.494923
558.546224,144.494923
558.673253,144.494923
558.800282,144.494923
560.705716,57.311598
560.832745,57.311598
560.959774,57.311598
561.086803,57.311598
561.213832,143.896312
561.340861,143.896312
561.467890,143.896312
561.594919,143.896312
561.721948,143.896312
561.848977,143.896312
561.976006,144.323891
562.103035,144.323891
562.230064,144.323891
562.357092,144.323891
562.484121,144.323891
562.611150,144.323891
562.738179,145.008017
562.865208,145.008017
562.992237,145.008017
563.119266,145.008017
563.246295,145.008017
563.373324,145.008017
563.500353,145.008017
563.627382,145.008017
563.754411,145.008017
563.881440,145.008017
564.008469,145.093533
564.135498,145.093533
564.262526,145.093533
564.389555,145.093533
564.516584,145.093533
564.643613,145.093533
564.770642,145.093533
564.897671,145.093533
565.024700,145.093533
565.151729,145.093533
565.278758,145.008017
565.405787,145.008017
565.532816,145.008017
565.659845,145.008017
565.786874,145.008017
565.913903,145.008017
566.040932,145.008017
566.167960,145.008017
566.294989,144.836986
566.422018,144.836986
566.549047,141.758418
566.676076,141.758418
566.803105,139.278461
566.930134,139.278461
567.057163,141.587386
567.184192,141.587386
567.311221,142.870123
567.438250,142.870123
567.565279,142.870123
567.692308,142.870123
567.819337,143.041154
567.946366,143.041154
568.073394,143.554249
568.200423,143.554249
568.327452,144.665954
568.454481,144.665954
568.581510,145.093533
568.708539,145.093533
568.835568,145.093533
568.962597,145.093533
569.089626,145.093533
569.216655,145.093533
569.343684,146.803848
569.470713,146.803848
569.597742,146.803848
569.724771,146.803848
569.851800,146.803848
569.978829,146.803848
570.105857,146.803848
570.232886,146.803848
570.359915,146.803848
570.486944,146.803848
570.613973,146.803848
570.741002,146.803848
571.376147,144.323891
571.503176,144.323891
571.630205,144.836986
571.757234,144.836986
571.884263,144.836986
572.011291,144.836986
572.138320,144.836986
572.265349,144.836986
572.392378,144.836986
572.519407,144.836986
572.646436,144.836986
572.773465,144.836986
572.900494,144.836986
573.027523,144.836986
573.154552,144.836986
573.281581,144.836986
574.932957,147.744522
575.059986,147.744522
575.187015,148.514164
575.314044,148.514164
575.441073,148.514164
575.568102,148.514164
575.695131,148.514164
575.822159,148.514164
575.949188,148.514164
576.076217,148.514164
576.457304,149.625869
576.584333,149.625869
576.711362,149.967932
576.838391,149.967932
576.965420,149.967932
577.092449,149.967932
577.219478,149.967932
577.346507,149.967932
577.473536,149.967932
577.600565,149.967932
577.727594,151.592731
577.854622,151.592731
577.981651,152.276857
578.108680,152.276857
578.235709,152.276857
578.362738,152.276857
578.489767,152.276857
578.616796,152.276857
578.743825,152.276857
578.870854,152.276857
578.997883,153.132015
579.124912,153.132015
579.251941,153.132015
579.378970,153.132015
579.505999,153.132015
579.633028,153.132015
579.760056,153.132015
579.887085,153.132015
580.014114,152.960983
580.141143,152.960983
580.268172,152.875468
580.395201,152.875468
580.522230,152.875468
580.649259,152.875468
580.776288,153.132015
580.903317,153.132015
581.030346,153.388562
581.157375,153.388562
581.284404,153.388562
581.411433,153.388562
581.538462,153.388562
581.665490,153.388562
581.792519,153.388562
581.919548,153.388562
582.046577,153.388562
582.173606,153.345804
582.427664,152.362373
582.808751,149.540353
582.935780,149.540353
583.062809,149.540353
583.189838,149.540353
583.316867,149.540353
583.443896,149.540353
583.570924,149.540353
583.697953,149.540353
583.824982,147.487974
583.952011,147.487974
584.079040,147.316943
584.206069,147.316943
584.333098,147.316943
584.460127,147.316943
584.587156,147.316943
584.714185,147.316943
584.841214,146.803848
584.968243,146.803848
585.095272,146.803848
585.222301,146.803848
585.349330,146.718332
585.476359,146.718332
586.111503,147.402459
586.238532,147.402459
586.365561,147.402459
586.492590,147.402459
586.619619,148.001069
586.746648,148.001069
586.873677,148.001069
587.000706,148.001069
587.127735,148.343132
587.254764,148.343132
587.381793,148.514164
587.508821,148.514164
587.635850,148.514164
587.762879,148.514164
587.889908,148.514164
588.016937,148.514164
588.143966,148.514164
588.270995,148.514164
588.398024,148.599679
588.525053,148.599679
588.652082,148.599679
588.779111,148.599679
588.906140,148.599679
589.033169,148.599679
589.160198,148.599679
589.287227,148.599679
589.414255,148.599679
589.541284,148.599679
589.668313,148.599679
589.795342,148.599679
589.922371,148.514164
590.049400,148.514164
590.176429,147.744522
590.303458,147.744522
590.430487,147.744522
590.557516,147.744522
590.684545,147.744522
590.811574,147.744522
590.938603,147.060396
591.065632,147.060396
591.192661,147.231427
591.319689,147.231427
591.446718,147.316943
591.573747,147.316943
591.700776,147.402459
591.827805,147.402459
591.954834,147.487974
592.081863,147.487974
592.208892,147.487974
592.335921,147.487974
592.462950,147.487974
592.589979,147.487974
592.717008,147.744522
592.844037,147.744522
592.971066,148.941742
593.098095,148.941742
593.225124,149.112774
593.352152,149.112774
593.479181,149.112774
593.606210,149.112774
593.733239,149.796900
593.860268,149.796900
593.987297,152.105826
594.114326,152.105826
594.241355,153.303046
594.368384,153.303046
594.495413,153.303046
594.622442,153.303046
594.749471,153.303046
594.876500,153.303046
595.003529,153.303046
595.130558,153.303046
595.638673,154.543025
595.765702,154.585783
595.892731,154.628541
596.019760,154.671299
596.146789,154.671299
596.273818,154.671299
596.400847,154.671299
596.527876,154.671299
596.654905,154.671299
596.781934,154.671299
596.908963,154.200962
597.035992,154.158204
597.163020,154.158204
597.290049,154.158204
597.417078,154.158204
597.544107,154.158204
601.736062,159.631213
601.863091,159.631213
601.990120,159.631213
602.117149,159.631213
602.244178,159.631213
602.371207,159.631213
602.498236,159.716729
602.625265,159.716729
602.752294,159.716729
602.879323,159.716729
603.006351,159.716729
603.133380,159.716729
603.260409,159.716729
603.387438,159.716729
603.514467,164.933191
603.641496,164.933191
603.768525,168.097274
603.895554,168.097274
604.022583,168.097274
604.149612,168.097274
604.276641,168.097274
604.403670,168.097274
604.530699,168.097274
604.657728,168.097274
604.784757,168.011758
604.911785,168.011758
605.038814,159.845003
605.165843,159.845003
605.292872,159.845003
605.419901,159.845003
605.546930,159.845003
605.673959,159.845003
605.800988,159.845003
605.928017,159.845003
606.055046,154.799572
606.182075,154.799572
606.309104,153.132015
606.436133,149.454837
606.563162,149.412079
606.690191,147.830037
606.817219,147.830037
606.944248,147.744522
607.071277,147.744522
607.198306,143.981828
607.325335,143.981828
607.452364,143.981828
607.579393,143.981828
607.706422,143.981828
607.833451,143.981828
607.960480,142.014965
608.087509,142.014965
608.214538,139.278461
608.341567,139.278461
608.468596,139.278461
608.595625,139.278461
608.722653,139.278461
608.849682,139.278461
608.976711,137.653661
609.103740,137.653661
609.230769,134.404062
609.357798,134.404062
609.484827,134.404062
609.611856,134.404062
609.738885,133.121325
609.865914,133.121325
609.992943,133.035810
610.119972,133.035810
610.247001,133.035810
610.374030,133.035810
610.501059,133.035810
610.628088,133.035810
610.755116,133.035810
610.882145,133.035810
611.009174,133.035810
611.136203,133.035810
611.263232,133.078568
611.390261,133.121325
611.517290,134.019241
611.644319,134.061999
611.771348,134.061999
611.898377,134.061999
612.025406,134.061999
612.152435,134.061999
612.279464,134.061999
612.406493,134.061999
612.533522,134.061999
612.660550,134.061999
612.787579,134.061999
612.914608,134.061999
613.041637,131.966863
614.820042,131.282737
614.947071,131.325494
615.074100,131.325494
615.201129,131.325494
615.328158,131.325494
615.455187,131.325494
615.582216,131.325494
615.709245,131.325494
615.836274,131.325494
615.963303,131.325494
616.090332,131.282737
616.217361,131.239979
616.344390,131.368252
616.471418,131.411010
616.598447,131.411010
616.725476,131.411010
616.852505,131.411010
616.979534,131.411010
617.106563,131.411010
617.233592,131.411010
617.360621,133.848210
617.487650,133.890967
617.614679,134.019241
617.741708,134.061999
617.868737,134.061999
617.995766,134.061999
618.122795,134.061999
618.249824,134.061999
618.376853,134.061999
618.503881,134.061999
618.630910,132.009621
618.757939,132.009621
618.884968,132.009621
619.011997,132.009621
619.139026,132.009621
619.266055,132.009621
619.393084,132.009621
619.520113,132.009621
619.647142,131.325494
620.409315,133.762694
620.536344,133.805452
620.663373,133.848210
620.917431,134.361304
621.044460,134.404062
621.171489,134.404062
621.298518,134.404062
621.425547,134.404062
621.552576,134.404062
621.679605,136.969535
621.806634,136.969535
621.933663,137.140567
622.060692,137.140567
622.187721,137.140567
622.314749,137.140567
622.441778,137.140567
622.568807,137.140567
622.695836,137.140567
622.822865,137.140567
622.949894,136.798503
623.076923,136.798503
623.203952,134.404062
623.330981,134.404062
623.458010,134.404062
623.585039,134.404062
623.712068,134.404062
623.839097,134.404062
623.966126,134.404062
624.093155,134.404062
624.220183,134.404062
624.347212,134.404062
624.474241,133.035810
624.601270,133.035810
624.728299,132.351684
624.855328,132.351684
624.982357,132.479957
625.109386,132.522715
625.236415,132.522715
625.363444,132.522715
625.490473,132.522715
625.617502,132.522715
625.744531,132.522715
625.871560,132.522715
625.998589,132.522715
626.125618,132.522715
626.252646,132.522715
626.379675,132.522715
626.633733,129.444148
626.760762,129.444148
626.887791,129.444148
627.014820,129.444148
627.141849,129.444148
627.268878,129.444148
627.395907,129.444148
627.522936,129.444148
627.649965,129.444148
627.776994,134.404062
627.904023,134.404062
628.031052,134.404062
628.158080,134.404062
628.285109,134.404062
628.412138,134.404062
628.539167,134.404062
628.666196,134.404062
629.047283,137.311598
629.174312,137.311598
629.301341,137.397114
629.428370,137.397114
629.555399,137.482630
629.682428,137.482630
629.809457,137.568145
629.936486,137.568145
630.063514,137.653661
630.190543,137.653661
630.317572,139.278461
630.444601,139.278461
630.571630,142.528060
630.698659,142.528060
630.825688,143.041154
630.952717,143.041154
631.079746,143.212186
631.206775,143.212186
631.333804,143.212186
631.460833,143.212186
631.587862,143.212186
631.714891,143.212186
631.841920,143.383218
631.968948,143.383218
632.095977,143.383218
632.223006,143.383218
632.350035,143.383218
632.477064,143.383218
632.604093,144.323891
632.731122,144.323891
632.858151,147.915553
632.985180,147.915553
633.112209,148.685195
633.239238,148.685195
633.366267,148.770711
633.493296,148.770711
633.620325,148.770711
633.747354,148.770711
633.874382,148.770711
634.001411,148.770711
634.128440,148.770711
634.255469,148.727953
634.382498,148.685195
634.509527,148.642437
634.636556,144.665954
634.763585,144.665954
634.890614,144.665954
635.017643,144.623196
635.144672,141.672902
635.271701,141.672902
635.398730,142.955639
635.525759,142.955639
635.652788,142.955639
635.779817,142.955639
635.906845,142.955639
636.033874,142.955639
636.160903,142.955639
636.287932,142.955639
636.414961,142.955639
636.541990,142.955639
636.669019,141.929449
636.796048,141.929449
636.923077,141.929449
637.050106,141.929449
637.177135,141.929449
637.304164,141.929449
637.431193,141.843934
637.558222,141.843934
637.685251,141.416355
637.812279,141.416355
637.939308,141.416355
638.066337,141.416355
638.193366,141.416355
638.320395,141.416355
638.447424,138.337787
638.574453,138.337787
638.701482,137.397114
638.828511,137.397114
638.955540,137.397114
639.082569,137.397114
639.209598,141.587386
639.336627,141.587386
639.463656,141.587386
639.590685,141.587386
639.717713,141.587386
639.844742,141.587386
639.971771,141.587386
640.098800,141.587386
640.225829,143.383218
640.352858,143.383218
640.479887,143.468733
640.606916,143.468733
640.733945,143.468733
640.860974,143.468733
640.988003,143.468733
641.115032,143.468733
641.242061,143.639765
641.369090,143.639765
641.496119,143.725281
641.623147,143.725281
641.750176,143.725281
641.877205,143.725281
642.004234,145.008017
642.131263,145.008017
642.258292,145.008017
642.385321,145.008017
642.512350,145.008017
642.639379,145.008017
642.766408,146.803848
642.893437,146.803848
643.020466,146.803848
643.147495,146.803848
643.274524,147.744522
643.401553,147.744522
643.528582,147.744522
643.655610,147.958311
643.782639,148.001069
643.909668,148.043827
644.036697,148.043827
644.163726,148.043827
644.290755,148.043827
644.417784,148.043827
644.544813,148.043827
644.671842,148.043827
644.798871,148.001069
644.925900,147.958311
645.052929,146.803848
645.179958,146.761090
645.306987,143.126670
645.434016,143.126670
645.561044,143.126670
645.688073,143.126670
645.815102,144.836986
645.942131,144.836986
646.069160,145.008017
646.196189,145.008017
646.323218,145.093533
646.450247,145.093533
646.577276,145.093533
646.704305,145.093533
646.831334,145.093533
646.958363,145.093533
647.085392,145.093533
647.212421,145.093533
647.339450,145.093533
647.466478,145.093533
647.593507,145.093533
647.720536,145.093533
647.847565,144.323891
647.974594,144.323891
648.101623,139.278461
648.228652,139.278461
648.355681,139.278461
648.482710,139.278461
648.609739,139.278461
648.736768,139.278461
648.863797,139.278461
648.990826,139.278461
649.117855,137.739177
649.244884,137.739177
649.371912,133.976483
649.498941,133.976483
649.625970,133.976483
649.752999,133.976483
649.880028,136.541956
650.007057,136.541956
650.134086,136.541956
650.261115,136.541956
650.388144,136.541956
650.515173,136.541956
650.642202,136.541956
650.769231,136.541956
650.896260,136.798503
651.023289,136.798503
651.150318,137.140567
651.277347,137.140567
651.404375,137.140567
651.531404,137.140567
651.658433,137.824693
651.785462,137.824693
651.912491,137.824693
652.039520,137.824693
652.166549,139.278461
652.293578,139.278461
652.420607,139.278461
652.547636,139.278461
652.674665,141.159808
652.801694,141.159808
652.928723,141.245323
653.055752,141.245323
653.182781,141.245323
653.309809,141.245323
653.436838,141.245323
653.563867,141.245323
653.690896,141.245323
653.817925,141.245323
653.944954,141.245323
654.071983,141.245323
654.707128,141.330839
654.834157,141.330839
654.961186,141.330839
655.088215,141.330839
655.215243,142.528060
655.342272,142.528060
655.469301,142.528060
655.596330,142.528060
655.723359,142.528060
655.850388,142.528060
655.977417,142.528060
660.677488,147.915553
660.804517,147.915553
660.931546,147.915553
661.058574,147.915553
661.185603,147.915553
661.312632,147.915553
661.439661,147.915553
661.566690,147.915553
661.693719,147.915553
661.820748,147.915553
661.947777,147.915553
662.074806,147.915553
662.201835,147.915553
662.328864,147.915553
662.455893,147.487974
662.582922,147.487974
662.709951,147.487974
662.836980,147.487974
662.964008,147.487974
663.091037,147.487974
663.218066,147.487974
663.345095,147.487974
663.472124,147.487974
663.599153,147.487974
663.726182,147.487974
663.853211,147.487974
663.980240,146.974880
664.107269,146.974880
664.234298,146.974880
664.361327,146.974880
664.488356,146.974880
664.615385,146.974880
664.742414,147.017638
664.869442,147.060396
664.996471,147.701764
665.123500,147.744522
665.250529,147.744522
665.377558,147.744522
665.504587,147.744522
665.631616,147.744522
665.758645,147.744522
665.885674,147.744522
666.012703,149.967932
666.139732,149.967932
666.266761,149.967932
666.393790,149.967932
666.520819,149.967932
666.647848,149.967932
666.774876,149.967932
666.901905,149.967932
667.028934,149.967932
667.155963,149.967932
667.282992,149.967932
667.410021,149.967932
667.537050,149.967932
667.664079,149.967932
667.791108,149.967932
667.918137,149.967932
668.045166,149.796900
668.172195,149.796900
668.299224,149.796900
668.426253,149.796900
668.553282,149.711384
668.680311,149.711384
668.807339,148.514164
668.934368,148.514164
669.061397,148.514164
669.188426,148.514164
669.315455,148.514164
669.442484,148.514164
669.569513,148.514164
669.696542,148.514164
669.823571,148.001069
669.950600,148.001069
670.077629,147.145911
670.204658,147.145911
670.331687,146.718332
670.458716,146.718332
670.585745,144.238375
670.712773,144.238375
670.839802,144.238375
670.966831,143.383218
671.093860,143.383218
671.220889,143.383218
671.347918,143.383218
671.474947,143.383218
671.601976,143.340460
671.729005,142.699091
671.856034,142.699091
671.983063,142.699091
672.110092,142.699091
672.237121,142.699091
672.364150,142.699091
672.491179,142.699091
672.618207,142.699091
672.745236,142.699091
672.872265,142.699091
672.999294,142.699091
673.126323,142.656334
673.380381,142.185997
673.507410,142.185997
673.634439,142.143239
674.142555,137.910208
674.269584,137.910208
674.396613,137.910208
674.523641,137.910208
674.650670,137.910208
674.777699,137.910208
674.904728,137.910208
675.031757,137.910208
675.158786,137.910208
675.285815,137.910208
675.412844,137.910208
675.539873,139.278461
675.666902,139.278461
675.793931,139.278461
675.920960,139.278461
676.047989,139.278461
676.175018,141.843934
676.302047,142.185997
676.429076,142.185997
676.556104,142.185997
676.683133,142.185997
676.810162,142.185997
676.937191,142.185997
677.064220,142.955639
677.191249,143.768038
677.318278,143.810796
677.445307,144.794228
677.572336,144.836986
677.699365,144.836986
677.826394,144.836986
677.953423,144.836986
678.080452,144.836986
678.207481,144.836986
678.334510,146.718332
678.461538,146.974880
678.588567,146.974880
678.715596,146.974880
678.842625,146.974880
678.969654,146.974880
679.096683,146.974880
679.223712,147.231427
679.350741,147.231427
679.477770,147.231427
679.604799,147.231427
679.731828,147.659006
679.858857,147.659006
679.985886,147.659006
680.112915,147.659006
680.239944,147.659006
680.366972,147.659006
680.494001,148.001069
680.621030,148.001069
680.748059,148.001069
680.875088,148.001069
681.002117,148.001069
681.129146,148.001069
681.256175,148.086585
681.383204,148.086585
681.510233,148.514164
681.637262,148.514164
681.764291,148.514164
681.891320,148.514164
682.018349,148.514164
682.145378,148.514164
682.272406,148.514164
682.399435,148.514164
682.526464,148.514164
682.653493,148.514164
682.780522,148.514164
682.907551,148.514164
683.034580,148.514164
683.161609,148.514164
683.288638,148.514164
683.415667,148.514164
683.542696,148.514164
683.669725,148.514164
683.796754,148.428648
683.923783,148.428648
684.812985,144.794228
684.940014,144.836986
685.067043,144.836986
685.194072,144.836986
685.321101,144.836986
685.448130,144.836986
685.575159,144.836986
685.702188,144.836986
685.829217,142.357028
685.956246,142.357028
686.083275,142.357028
686.210303,142.357028
686.337332,142.357028
686.464361,142.357028
687.099506,142.570818
687.226535,142.613576
687.353564,142.613576
687.480593,142.613576
687.607622,143.597007
687.734651,143.639765
687.861680,144.409407
687.988709,144.409407
688.115737,144.409407
688.242766,144.409407
688.369795,144.409407
688.496824,144.409407
688.623853,144.409407
688.750882,144.409407
688.877911,146.718332
689.004940,146.718332
689.131969,147.487974
689.258998,147.487974
689.386027,147.487974
689.513056,147.487974
689.640085,148.172100
689.767114,148.172100
689.894143,148.172100
690.021171,148.172100
690.148200,148.172100
690.275229,148.172100
690.402258,148.343132
690.529287,148.343132
690.656316,148.343132
690.783345,148.343132
690.910374,148.343132
691.037403,148.343132
691.164432,148.770711
691.291461,148.770711
691.418490,148.770711
691.545519,148.770711
691.672548,148.770711
691.799577,148.770711
691.926606,149.027258
692.053634,149.027258
692.180663,149.027258
692.307692,149.027258
692.434721,149.283805
692.561750,149.283805
692.688779,149.283805
692.815808,149.283805
692.942837,149.283805
693.069866,149.283805
693.196895,149.283805
693.323924,149.283805
693.450953,149.283805
693.577982,149.283805
693.705011,149.112774
693.832040,149.112774
693.959068,148.257616
694.086097,148.257616
694.213126,148.514164
694.340155,148.514164
694.467184,148.514164
694.594213,148.514164
694.721242,148.514164
694.848271,148.514164
694.975300,148.514164
695.102329,148.514164
695.229358,148.428648
695.356387,148.428648
695.483416,145.093533
695.610445,145.093533
695.737474,143.896312
695.864502,143.896312
695.991531,143.896312
696.118560,143.896312
696.245589,145.093533
696.372618,145.093533
696.499647,145.093533
696.626676,145.093533
696.753705,145.093533
696.880734,145.093533
697.007763,149.112774
697.134792,149.112774
697.261821,149.112774
697.388850,149.112774
697.515879,149.540353
697.642908,149.540353
697.769936,152.533405
697.896965,152.533405
698.023994,152.533405
698.151023,152.533405
698.278052,153.559594
698.405081,153.987173
698.532110,153.987173
698.659139,153.987173
698.786168,153.987173
698.913197,158.733298
699.040226,158.776056
699.167255,158.776056
699.294284,158.776056
699.421313,158.776056
699.548342,158.776056
699.675371,159.631213
699.802399,159.631213
699.929428,159.631213
700.056457,159.631213
700.183486,159.631213
700.310515,159.631213
700.437544,159.631213
700.564573,159.631213
700.945660,161.640834
701.072689,161.683592
701.199718,161.683592
701.326747,161.683592
701.453776,161.683592
701.580805,161.683592
701.707833,161.683592
701.834862,161.683592
701.961891,161.683592
702.088920,161.683592
702.215949,161.512560
702.342978,161.512560
702.470007,159.716729
702.597036,159.716729
702.724065,159.716729
702.851094,159.716729
702.978123,159.716729
703.105152,159.716729
703.232181,158.861571
703.359210,158.861571
703.486239,158.861571
703.613267,158.861571
703.740296,157.236772
703.867325,157.236772
703.994354,157.151256
704.121383,154.756815
704.248412,163.137360
704.375441,163.137360
704.502470,163.137360
704.629499,163.137360
704.756528,163.137360
704.883557,163.137360
705.010586,163.137360
705.137615,163.137360
705.264644,163.137360
705.391673,163.137360
705.518701,154.543025
705.645730,153.388562
705.772759,153.388562
705.899788,153.388562
706.026817,153.345804
706.153846,152.276857
706.280875,152.276857
706.407904,152.276857
706.534933,152.276857
706.661962,152.276857
706.788991,152.234099
707.678193,149.540353
707.805222,149.540353
707.932251,149.540353
708.059280,149.540353
708.186309,149.540353
708.313338,149.540353
708.440367,149.540353
708.567396,149.540353
708.694425,145.093533
708.821454,145.093533
708.948483,145.093533
709.075512,145.093533
709.202541,145.093533
709.329570,145.093533
709.456598,147.830037
709.583627,147.830037
709.710656,147.830037
709.837685,147.830037
709.964714,147.830037
710.091743,147.830037
710.218772,149.198290
710.345801,149.198290
710.472830,149.283805
710.599859,149.283805
710.726888,149.283805
710.853917,149.283805
710.980946,149.283805
711.107975,149.283805
711.235004,149.283805
711.362032,149.283805
711.489061,149.027258
711.616090,149.027258
711.743119,148.428648
711.870148,148.428648
717.840508,147.145911
717.967537,147.145911
718.094566,148.343132
718.221595,148.343132
718.348624,148.343132
718.475653,148.343132
718.602682,149.027258
718.729711,149.027258
718.856740,149.027258
718.983769,149.027258
719.110797,149.454837
719.237826,149.454837
719.364855,149.540353
719.491884,149.540353
719.618913,149.540353
719.745942,149.540353
719.872971,149.540353
720.000000,149.540353
720.127029,149.540353
720.254058,149.540353
720.381087,149.540353
720.508116,149.497595
720.635145,149.112774
720.762174,149.070016
720.889203,148.599679
721.016231,148.556921
721.143260,147.573490
721.270289,147.573490
721.397318,147.573490
721.524347,147.573490
721.651376,147.573490
721.778405,147.573490
721.905434,148.001069
722.032463,148.001069
722.159492,148.514164
722.286521,148.514164
722.413550,148.514164
722.540579,148.514164
722.667608,148.514164
722.794637,148.514164
722.921665,148.514164
723.048694,148.471406
723.175723,148.428648
723.302752,148.385890
723.429781,145.093533
723.556810,145.093533
723.683839,145.093533
723.810868,145.093533
723.937897,143.725281
724.700071,144.922501
724.827100,144.922501
724.954128,144.922501
725.081157,144.922501
725.208186,144.922501
725.335215,144.922501
725.462244,144.922501
725.589273,144.922501
726.478476,146.889364
726.605505,146.889364
726.732534,146.889364
726.859562,146.889364
726.986591,148.514164
727.113620,148.514164
727.240649,148.514164
727.367678,148.514164
727.494707,148.514164
727.621736,148.514164
727.748765,148.514164
727.875794,148.514164
728.002823,148.514164
728.129852,148.514164
728.256881,148.514164
728.383910,148.514164
728.510939,148.685195
728.637968,148.685195
728.764996,148.685195
728.892025,148.685195
729.019054,148.685195
729.146083,148.685195
729.273112,148.685195
729.400141,148.685195
729.527170,148.685195
729.654199,148.642437
729.908257,148.172100
730.035286,148.257616
730.162315,148.257616
730.289344,148.343132
730.416373,148.685195
730.543402,149.112774
730.670430,149.112774
730.797459,149.198290
730.924488,149.198290
731.051517,149.198290
731.178546,149.198290
731.305575,149.198290
731.432604,149.198290
731.559633,149.198290
731.686662,149.198290
731.813691,148.172100
731.940720,148.129343
732.067749,147.915553
732.194778,147.915553
732.321807,147.915553
732.448836,147.872795
732.575865,143.041154
732.702893,143.041154
732.829922,139.278461
732.956951,139.278461
733.083980,139.278461
733.211009,139.278461
733.338038,138.850882
733.465067,138.850882
733.592096,138.850882
733.719125,138.850882
733.846154,139.021913
733.973183,139.021913
734.100212,139.107429
734.227241,139.107429
734.354270,139.107429
734.481299,139.107429
734.608327,139.107429
734.735356,139.107429
734.862385,139.107429
734.989414,139.107429
735.116443,138.337787
735.243472,138.337787
735.370501,138.850882
735.497530,138.850882
735.624559,138.850882
735.751588,138.850882
735.878617,138.850882
736.005646,138.850882
736.132675,138.850882
736.259704,138.850882
736.386733,141.330839
736.513761,141.330839
736.640790,141.330839
736.767819,141.330839
736.894848,141.330839
737.021877,141.330839
737.148906,141.330839
739.943543,144.323891
740.070572,144.323891
740.197601,145.093533
740.324629,145.093533
740.451658,145.093533
740.578687,145.093533
740.705716,145.093533
740.832745,145.093533
740.959774,145.093533
741.086803,145.093533
742.230064,149.027258
742.357092,149.540353
742.484121,149.540353
742.611150,149.540353
742.738179,149.540353
742.865208,149.540353
742.992237,149.540353
743.119266,149.540353
743.373324,149.967932
743.500353,149.967932
743.627382,149.967932
743.754411,149.967932
743.881440,149.967932
744.008469,149.967932
744.135498,149.967932
744.262526,149.967932
744.389555,149.967932
744.516584,149.967932
744.643613,149.967932
744.770642,149.967932
744.897671,149.967932
745.024700,149.967932
745.151729,148.727953
745.278758,148.727953
745.405787,148.727953
745.532816,148.727953
745.659845,148.727953
745.786874,148.428648
745.913903,148.385890
746.040932,145.093533
746.167960,145.093533
746.294989,144.922501
746.422018,144.922501
746.549047,144.922501
746.676076,144.922501
746.803105,144.922501
746.930134,144.922501
747.057163,147.231427
747.184192,147.231427
747.311221,147.231427
747.438250,147.231427
747.565279,147.231427
747.692308,147.231427
747.819337,147.231427
747.946366,149.241048
748.073394,149.283805
748.200423,149.283805
748.327452,149.283805
748.454481,149.283805
748.581510,149.283805
748.708539,149.283805
748.835568,149.283805
748.962597,149.198290
749.089626,149.198290
749.216655,149.625869
749.343684,149.625869
749.470713,152.234099
749.597742,152.276857
749.724771,152.747194
749.851800,152.789952
749.978829,152.832710
750.105857,152.875468
750.232886,153.602352
750.359915,153.645110
750.486944,153.645110
750.613973,153.645110
750.741002,153.645110
750.868031,153.645110
750.995060,154.243720
751.122089,154.243720
751.249118,154.243720
751.376147,154.243720
751.503176,154.243720
751.630205,154.243720
751.757234,154.243720
753.281581,157.707108
753.408610,157.707108
753.535639,157.707108
753.662668,157.707108
753.789697,157.707108
753.916725,157.707108
754.043754,157.707108
754.170783,157.707108
754.297812,157.322288
754.424841,157.279530
758.616796,157.151256
758.743825,157.151256
758.870854,157.151256
758.997883,157.151256
759.124912,157.151256
759.251941,157.151256
759.378970,157.151256
759.505999,157.108498
759.633028,154.799572
759.760056,154.799572
759.887085,154.799572
760.014114,154.799572
760.141143,154.799572
760.268172,154.799572
760.395201,151.763763
760.522230,151.763763
760.649259,144.665954
760.776288,144.665954
760.903317,144.665954
761.030346,144.665954
761.157375,144.623196
761.792519,137.610903
761.919548,137.610903
762.046577,137.610903
762.173606,137.610903
762.300635,137.610903
762.427664,137.610903
762.554693,137.610903
762.681722,137.610903
763.062809,128.931053
763.189838,128.931053
763.316867,128.931053
763.443896,128.931053
763.570924,128.931053
763.697953,128.931053
763.824982,128.931053
763.952011,128.931053
764.079040,127.520043
765.730416,123.885623
765.984474,124.056654
766.111503,129.315874
766.238532,129.358632
766.365561,129.358632
766.492590,129.358632
766.619619,132.907536
766.746648,132.950294
766.873677,134.061999
767.000706,134.061999
767.127735,134.061999
767.254764,134.061999
767.381793,134.061999
767.508821,134.061999
767.635850,139.278461
767.762879,144.366649
767.889908,144.409407
768.016937,144.452165
768.143966,144.494923
768.270995,144.494923
768.398024,144.494923
768.525053,144.494923
768.652082,144.494923
768.779111,144.494923
768.906140,144.494923
769.033169,144.409407
773.098095,145.093533
773.225124,145.093533
773.352152,145.093533
773.479181,145.093533
773.606210,145.093533
773.733239,145.093533
773.860268,145.093533
773.987297,145.093533
774.114326,145.008017
774.241355,145.008017
774.368384,143.639765
774.495413,143.639765
774.622442,143.639765
774.749471,143.639765
774.876500,147.445216
775.003529,147.487974
775.130558,147.487974
775.257586,147.487974
775.384615,147.487974
775.511644,147.487974
775.638673,147.487974
775.765702,147.487974
775.892731,147.402459
776.019760,147.402459
776.146789,144.494923
776.273818,144.494923
776.400847,144.494923
776.527876,144.494923
776.654905,144.323891
776.781934,144.323891
776.908963,143.725281
777.035992,143.725281
777.163020,142.699091
777.290049,142.699091
777.417078,142.699091
777.544107,142.699091
777.671136,142.357028
777.925194,141.801176
778.052223,141.672902
778.179252,142.870123
778.306281,142.870123
778.433310,144.323891
778.560339,144.323891
778.687368,144.323891
778.814397,144.323891
778.941426,144.323891
779.068454,144.323891
779.195483,144.323891
779.322512,144.323891
779.449541,147.188669
779.576570,147.231427
779.703599,147.316943
779.830628,147.316943
779.957657,147.316943
780.084686,147.316943
780.211715,147.316943
780.338744,147.316943
780.465773,147.316943
780.592802,147.316943
780.719831,146.718332
780.846860,146.718332
780.973888,147.060396
781.100917,147.060396
781.227946,148.001069
781.354975,148.001069
781.482004,148.001069
781.609033,148.001069
781.736062,149.198290
781.863091,149.198290
781.990120,149.711384
782.117149,149.711384
782.244178,149.882416
782.371207,149.882416
782.498236,149.882416
782.625265,149.882416
782.752294,149.882416
782.879323,149.882416
783.006351,149.882416
783.133380,149.882416
783.768525,153.303046
783.895554,153.303046
784.022583,153.303046
784.149612,153.303046
784.276641,153.303046
784.403670,153.303046
784.530699,153.303046
784.657728,153.303046
784.784757,153.303046
784.911785,153.260289
785.038814,152.618920
785.165843,152.576162
785.292872,151.849278
785.419901,151.806521
785.546930,149.283805
785.673959,149.283805
785.800988,149.112774
785.928017,149.112774
786.055046,149.112774
786.182075,149.112774
786.309104,149.027258
786.436133,149.027258
786.817219,148.172100
786.944248,148.172100
787.071277,149.027258
787.198306,149.027258
787.325335,149.027258
787.452364,149.027258
787.579393,149.027258
787.706422,149.027258
787.833451,149.027258
787.960480,149.027258
788.087509,148.599679
788.214538,148.599679
788.341567,149.027258
788.468596,149.027258
788.595625,149.027258
788.722653,149.027258
788.849682,149.967932
788.976711,149.967932
789.103740,149.967932
789.230769,149.967932
789.357798,149.967932
789.484827,149.967932
789.611856,149.967932
789.738885,149.967932
789.865914,149.967932
789.992943,149.967932
790.119972,149.027258
790.247001,149.027258
790.374030,149.027258
790.501059,149.027258
790.628088,149.027258
790.755116,148.984500
790.882145,148.941742
791.009174,148.898985
791.136203,147.744522
791.263232,147.744522
791.390261,147.744522
791.517290,147.744522
791.644319,147.744522
791.771348,147.744522
791.898377,147.744522
792.025406,147.744522
792.406493,147.744522
792.533522,147.744522
792.660550,147.744522
792.787579,147.744522
792.914608,147.744522
793.041637,147.744522
793.168666,147.744522
793.295695,147.744522
793.422724,147.744522
793.549753,147.744522
793.676782,147.316943
793.803811,147.316943
793.930840,147.487974
794.057869,147.487974
794.184898,147.487974
794.311927,147.487974
794.438956,147.744522
794.565984,147.744522
794.693013,149.625869
794.820042,149.625869
794.947071,149.967932
795.074100,149.967932
795.201129,149.967932
795.328158,149.967932
795.455187,149.967932
795.582216,149.967932
795.709245,149.967932
795.836274,149.967932
795.963303,152.362373
796.090332,152.362373
796.217361,152.618920
796.344390,152.618920
796.471418,152.618920
796.598447,152.618920
796.725476,152.618920
796.852505,152.618920
796.979534,152.618920
797.106563,152.618920
797.233592,152.618920
797.360621,152.576162
797.614679,152.148584
797.995766,149.967932
798.122795,149.967932
798.249824,149.967932
798.376853,149.967932
798.503881,149.967932
798.630910,149.967932
798.757939,149.967932
798.884968,149.967932
799.011997,148.514164
799.139026,148.471406
799.266055,147.487974
799.393084,147.487974
799.520113,148.172100
799.647142,148.172100
799.774171,148.172100
799.901200,148.172100
800.028229,149.112774
800.155258,149.112774
800.282287,149.796900
800.409315,149.796900
800.536344,149.796900
800.663373,149.796900
800.790402,149.967932
800.917431,149.967932
801.044460,149.967932
801.171489,149.967932
801.298518,149.967932
801.425547,149.967932
801.552576,149.967932
801.679605,149.967932
802.060692,151.763763
802.187721,151.763763
802.314749,151.934794
802.441778,151.934794
802.568807,152.618920
802.695836,152.618920
802.822865,152.618920
802.949894,152.618920
803.076923,152.618920
803.203952,152.618920
803.330981,152.618920
803.458010,152.618920
803.585039,152.618920
803.712068,152.576162
803.839097,151.592731
803.966126,151.592731
804.093155,151.592731
804.220183,151.592731
804.347212,151.592731
804.474241,151.592731
804.601270,151.592731
804.728299,149.625869
804.855328,149.625869
804.982357,149.583111
805.109386,149.540353
805.236415,149.540353
805.363444,149.540353
805.490473,149.540353
805.617502,149.540353
805.744531,149.497595
805.871560,148.428648
805.998589,148.385890
806.125618,148.257616
806.252646,148.257616
806.379675,148.257616
806.506704,148.257616
806.633733,148.257616
806.760762,148.214858
807.014820,147.701764
807.395907,147.060396
807.522936,147.060396
807.649965,147.060396
807.776994,147.060396
807.904023,148.599679
808.031052,148.599679
808.158080,148.941742
808.285109,148.941742
808.412138,149.112774
808.539167,149.112774
808.666196,149.112774
808.793225,149.112774
808.920254,149.112774
809.047283,149.112774
809.174312,149.112774
809.301341,149.112774
809.428370,149.112774
809.555399,149.070016
809.682428,148.856227
809.809457,148.813469
809.936486,148.770711
810.063514,148.770711
810.190543,149.027258
810.317572,149.027258
810.444601,169.337253
810.571630,169.337253
810.698659,169.337253
810.825688,169.337253
810.952717,169.337253
811.079746,169.337253
811.206775,169.337253
811.333804,169.337253
811.460833,149.711384
811.587862,149.711384
811.714891,149.711384
811.841920,149.711384
811.968948,149.711384
812.095977,149.711384
812.223006,149.625869
812.350035,149.583111
812.477064,149.369321
812.604093,149.326563
812.731122,149.283805
812.858151,149.241048
812.985180,148.685195
813.112209,148.685195
813.239238,148.685195
813.366267,148.642437
813.493296,148.257616
813.620325,148.257616
813.747354,148.257616
813.874382,148.214858
814.001411,147.487974
814.128440,147.487974
814.255469,147.487974
814.382498,147.487974
814.509527,147.487974
814.636556,147.487974
814.763585,145.093533
814.890614,145.093533
815.017643,145.093533
815.144672,145.050775
815.271701,145.008017
815.398730,145.008017
815.525759,145.008017
815.652788,145.008017
815.779817,145.008017
815.906845,145.008017
816.033874,147.145911
816.160903,147.145911
816.287932,147.231427
816.414961,147.231427
816.541990,147.231427
816.669019,147.231427
816.796048,147.231427
816.923077,147.231427
817.050106,147.915553
817.177135,147.915553
817.304164,148.086585
817.431193,148.086585
817.558222,148.086585
817.685251,148.086585
817.812279,148.086585
817.939308,148.086585
818.066337,148.685195
818.193366,149.155532
818.320395,149.198290
818.447424,149.283805
818.574453,149.283805
818.701482,149.283805
818.828511,149.283805
818.955540,149.283805
819.082569,149.283805
819.209598,149.283805
819.336627,149.283805
819.463656,149.412079
819.590685,149.454837
819.717713,149.967932
819.844742,149.967932
819.971771,149.967932
820.098800,149.967932
820.225829,149.967932
820.352858,149.967932
820.479887,149.967932
820.606916,149.967932
820.733945,149.967932
820.860974,149.967932
821.750176,149.967932
821.877205,149.967932
822.004234,149.967932
822.131263,149.967932
822.258292,149.967932
822.385321,149.967932
822.512350,149.967932
822.639379,149.967932
822.766408,149.882416
822.893437,149.882416
823.020466,149.796900
823.147495,149.796900
823.274524,149.711384
823.401553,149.711384
823.528582,149.540353
823.655610,149.540353
823.782639,149.369321
823.909668,149.369321
824.036697,149.283805
824.163726,149.283805
824.290755,147.487974
824.417784,147.316943
824.544813,147.274185
824.671842,144.836986
824.798871,144.836986
824.925900,143.725281
825.052929,143.725281
825.179958,143.725281
825.306987,143.725281
825.434016,143.725281
825.561044,143.725281
830.134086,157.194014
830.261115,157.194014
830.388144,157.194014
830.515173,157.194014
830.642202,158.134687
830.769231,158.177445
830.896260,158.220203
831.023289,158.262961
831.150318,158.989845
831.277347,159.032603
831.404375,159.417424
831.531404,159.417424
831.658433,159.417424
831.785462,159.417424
831.912491,159.417424
832.039520,159.417424
832.166549,159.417424
832.293578,159.417424
832.420607,158.818813
832.547636,158.818813
832.674665,152.960983
832.801694,152.918226
832.928723,152.875468
833.055752,152.832710
833.182781,152.832710
833.309809,152.832710
833.436838,152.832710
833.563867,152.832710
833.690896,152.832710
833.817925,152.832710
833.944954,152.276857
834.071983,152.234099
834.199012,151.849278
834.326041,151.806521
834.453070,151.806521
834.580099,151.806521
834.707128,151.806521
834.834157,151.806521
834.961186,152.576162
835.088215,152.576162
835.215243,153.003741
835.342272,153.046499
835.469301,153.174773
835.596330,153.217531
835.723359,153.345804
835.850388,153.345804
835.977417,153.345804
836.104446,153.345804
836.231475,153.345804
836.358504,153.345804
836.485533,153.345804
836.612562,153.345804
836.739591,153.260289
836.866620,153.260289
836.993649,149.967932
837.120677,149.967932
837.247706,145.093533
837.374735,145.093533
837.501764,145.093533
837.628793,145.093533
837.755822,143.853554
837.882851,141.159808
838.009880,141.117050
838.136909,139.107429
838.263938,139.107429
838.390967,139.107429
838.517996,139.107429
838.645025,139.278461
838.772054,139.278461
838.899083,139.278461
839.026112,139.278461
839.153140,139.278461
839.280169,139.278461
839.407198,139.278461
839.534227,139.278461
839.661256,139.278461
839.788285,139.278461
839.915314,139.278461
840.042343,139.278461
840.169372,136.541956
840.296401,136.541956
840.423430,132.095136
840.550459,132.095136
840.677488,132.864778
840.804517,132.864778
840.931546,134.404062
841.058574,134.404062
841.185603,134.404062
841.312632,134.404062
841.439661,136.541956
841.566690,136.541956
841.693719,136.541956
841.820748,136.541956
841.947777,136.541956
842.074806,136.541956
842.201835,136.541956
842.328864,136.541956
842.455893,136.541956
842.582922,136.541956
842.709951,137.824693
842.836980,138.337787
842.964008,138.765366
843.091037,138.765366
843.218066,139.278461
843.345095,139.278461
843.472124,139.278461
843.599153,139.278461
843.726182,139.278461
843.853211,139.278461
843.980240,139.278461
844.107269,139.278461
844.361327,142.570818
844.488356,142.613576
844.615385,143.682523
844.742414,143.725281
844.869442,144.537680
844.996471,144.580438
845.123500,144.708712
845.250529,144.751470
845.377558,144.751470
845.504587,144.751470
845.631616,145.093533
845.758645,145.093533
845.885674,147.274185
846.012703,147.316943
846.139732,147.316943
846.266761,147.316943
846.393790,147.316943
846.520819,147.316943
846.647848,147.872795
846.774876,147.915553
846.901905,147.915553
847.028934,148.172100
847.155963,148.300374
847.282992,148.343132
847.410021,148.343132
847.537050,148.343132
847.664079,148.343132
847.791108,148.343132
847.918137,148.343132
848.045166,148.343132
848.172195,148.257616
848.299224,148.257616
848.426253,149.540353
848.553282,149.540353
848.680311,149.540353
848.807339,149.540353
848.934368,149.540353
849.061397,149.540353
849.188426,149.540353
849.315455,149.540353
849.442484,149.540353
849.569513,149.540353
849.696542,149.540353
849.823571,149.540353
849.950600,149.497595
850.077629,149.497595
850.204658,149.027258
850.331687,149.027258
850.458716,148.428648
850.585745,148.428648
850.712773,148.343132
850.839802,148.343132
850.966831,148.257616
851.093860,148.257616
851.347918,146.889364
851.729005,145.093533
851.856034,145.093533
851.983063,145.093533
852.110092,145.093533
852.237121,145.093533
852.364150,145.093533
852.491179,145.093533
852.618207,145.093533
852.745236,144.665954
852.872265,144.665954
852.999294,143.554249
853.126323,143.554249
853.253352,144.366649
853.380381,144.409407
853.507410,147.402459
853.634439,147.402459
853.761468,147.487974
853.888497,147.487974
854.015526,147.487974
854.142555,147.487974
854.269584,147.487974
854.396613,147.487974
854.523641,147.487974
854.650670,147.487974
854.777699,147.316943
854.904728,147.316943
855.031757,147.487974
855.158786,147.487974
855.285815,148.514164
855.412844,148.514164
855.539873,148.514164
855.666902,148.514164
855.793931,148.514164
855.920960,148.514164
856.047989,148.898985
856.175018,148.941742
856.302047,149.241048
856.429076,149.283805
856.556104,149.283805
856.683133,149.283805
856.810162,149.283805
856.937191,149.625869
857.064220,149.967932
857.191249,149.967932
857.318278,149.967932
857.445307,149.967932
857.572336,149.967932
857.699365,149.967932
857.826394,149.967932
857.953423,149.967932
858.080452,149.967932
858.207481,149.967932
858.334510,148.514164
858.461538,148.514164
858.588567,148.514164
858.715596,148.514164
859.350741,148.257616
859.477770,148.257616
859.604799,148.257616
859.731828,148.257616
859.858857,149.497595
859.985886,149.497595
860.112915,149.497595
860.239944,149.497595
860.366972,149.497595
860.494001,149.497595
860.621030,149.497595
860.748059,149.497595
860.875088,149.412079
861.002117,149.412079
861.256175,148.471406
861.637262,147.915553
861.764291,147.915553
861.891320,148.257616
862.018349,148.257616
862.145378,148.257616
862.272406,148.257616
862.399435,148.257616
862.526464,148.257616
862.653493,148.257616
862.780522,148.257616
863.161609,149.326563
863.288638,149.369321
863.415667,149.369321
863.542696,149.625869
863.669725,149.967932
863.796754,149.967932
863.923783,149.967932
864.050812,149.967932
864.177841,149.967932
864.304869,149.967932
864.431898,149.967932
864.558927,149.967932
864.685956,149.839658
864.812985,149.839658
864.940014,149.668626
865.067043,149.668626
865.194072,149.497595
865.321101,149.497595
865.448130,147.744522
865.575159,147.744522
865.702188,147.744522
865.829217,146.889364
865.956246,146.889364
866.083275,146.889364
866.210303,146.889364
866.337332,146.846606
866.718419,146.718332
866.845448,146.718332
866.972477,146.803848
867.099506,146.803848
867.226535,146.803848
867.353564,146.803848
867.480593,146.803848
867.607622,146.803848
867.734651,147.231427
867.861680,147.231427
867.988709,147.872795
868.115737,147.915553
868.242766,147.958311
868.369795,147.958311
868.496824,147.958311
868.623853,147.958311
868.750882,147.958311
868.877911,148.001069
869.004940,148.214858
869.131969,148.257616
869.258998,148.385890
869.386027,148.428648
869.513056,148.813469
869.640085,148.813469
869.767114,148.813469
869.894143,148.856227
870.021171,149.497595
870.148200,149.497595
870.275229,149.497595
870.402258,149.497595
870.529287,149.497595
870.656316,149.497595
870.783345,149.497595
870.910374,149.497595
871.037403,149.497595
871.164432,149.497595
871.291461,149.497595
871.418490,149.497595
871.545519,149.326563
871.672548,149.326563
871.799577,148.984500
871.926606,148.984500
872.053634,147.958311
872.180663,147.958311
872.307692,147.958311
872.434721,148.001069
872.561750,149.967932
872.688779,149.967932
872.815808,149.967932
872.942837,149.967932
873.069866,149.967932
873.196895,149.967932
873.323924,149.967932
873.450953,149.967932
873.577982,149.967932
873.705011,149.967932
873.832040,149.967932
873.959068,149.967932
874.086097,149.967932
874.213126,152.319615
874.340155,152.319615
874.467184,152.319615
874.594213,152.319615
874.721242,152.319615
874.848271,152.319615
874.975300,153.003741
875.102329,153.003741
875.229358,153.602352
875.356387,153.602352
875.483416,153.602352
875.610445,153.602352
875.737474,153.602352
875.864502,153.602352
875.991531,153.602352
876.118560,153.602352
876.245589,153.132015
876.372618,153.089257
876.499647,153.046499
876.626676,153.003741
876.753705,154.799572
876.880734,154.799572
877.007763,154.799572
877.134792,154.799572
877.261821,154.799572
877.388850,154.799572
877.515879,154.799572
877.642908,154.799572
877.769936,154.799572
877.896965,154.799572
878.023994,154.799572
878.151023,154.799572
878.278052,154.799572
878.405081,154.799572
878.532110,154.158204
878.659139,154.115446
878.786168,154.286478
878.913197,154.286478
879.040226,154.286478
879.167255,154.286478
879.294284,154.286478
879.421313,154.286478
879.548342,154.543025
879.675371,154.543025
879.802399,154.799572
879.929428,154.799572
880.056457,154.799572
880.183486,154.799572
880.310515,154.799572
880.437544,154.799572
880.564573,154.799572
880.691602,154.799572
880.818631,154.799572
880.945660,154.799572
881.072689,154.628541
881.199718,154.628541
881.326747,154.543025
881.453776,154.543025
881.580805,154.543025
881.707833,154.543025
881.834862,154.543025
881.961891,154.543025
882.088920,153.602352
882.215949,153.602352
882.342978,153.602352
882.470007,153.602352
882.597036,153.602352
882.724065,153.602352
882.851094,152.789952
882.978123,152.747194
889.456598,152.832710
889.583627,152.832710
889.710656,152.832710
889.837685,152.832710
889.964714,152.832710
890.091743,152.832710
890.218772,152.832710
890.345801,152.832710
890.472830,152.832710
890.599859,152.832710
890.726888,152.832710
890.853917,152.832710
891.235004,152.661678
891.362032,152.661678
891.489061,152.661678
891.616090,152.661678
891.743119,152.661678
891.870148,152.661678
891.997177,152.661678
892.124206,152.661678
892.505293,154.799572
892.632322,154.799572
892.759351,154.799572
892.886380,154.799572
893.013409,154.799572
893.140438,154.799572
893.267466,154.799572
893.394495,154.799572
893.521524,158.818813
893.648553,158.861571
893.775582,158.904329
893.902611,158.904329
894.029640,158.904329
894.156669,158.904329
894.283698,158.904329
894.410727,158.904329
894.537756,158.904329
894.664785,161.982897
894.791814,161.982897
894.918843,165.446285
895.045872,165.446285
895.172900,165.446285
895.299929,165.446285
895.426958,165.446285
895.553987,165.446285
895.681016,165.446285
895.808045,165.446285
895.935074,165.446285
896.062103,165.446285
896.189132,165.446285
896.316161,165.446285
896.443190,159.845003
896.570219,159.845003
896.697248,159.845003
896.824277,159.845003
897.078335,158.391235
897.205363,158.562266
897.332392,158.562266
897.459421,159.246392
897.586450,159.246392
897.713479,159.673971
897.840508,159.673971
897.967537,159.673971
898.094566,159.673971
898.221595,159.673971
898.348624,159.673971
898.475653,159.673971
898.602682,159.673971
898.729711,159.673971
898.856740,159.673971
898.983769,159.845003
899.110797,159.845003
899.237826,159.845003
899.364855,159.845003
899.491884,159.845003
