time_sec,value
0.127029,133.206841
0.254058,133.206841
0.381087,133.377873
0.508116,133.377873
0.635145,134.361304
0.762174,134.361304
0.889203,134.361304
1.016231,134.361304
1.143260,134.361304
1.270289,134.361304
1.397318,134.361304
1.524347,134.361304
2.413550,134.361304
2.540579,134.361304
2.667608,134.361304
2.794637,134.361304
2.921665,134.361304
3.048694,134.361304
3.175723,134.361304
3.302752,134.361304
3.429781,134.361304
3.556810,134.361304
3.683839,134.361304
3.810868,134.361304
3.937897,134.361304
4.064926,134.361304
4.191955,134.361304
4.318984,134.361304
4.446013,134.361304
4.573042,134.361304
4.700071,134.361304
4.827100,134.361304
4.954128,134.361304
5.081157,134.361304
5.208186,134.361304
5.335215,134.361304
6.224418,134.361304
6.351447,134.361304
6.478476,134.361304
6.605505,134.361304
6.732534,134.361304
6.859562,134.361304
6.986591,134.361304
7.113620,134.361304
7.240649,134.361304
7.367678,134.361304
7.494707,134.361304
7.621736,134.361304
7.748765,134.361304
7.875794,134.361304
8.002823,134.361304
8.129852,134.361304
8.256881,134.361304
8.383910,134.361304
8.510939,134.361304
8.637968,134.361304
8.764996,134.361304
8.892025,134.361304
9.019054,134.361304
9.146083,134.361304
9.273112,134.361304
9.400141,134.361304
9.527170,134.361304
9.654199,134.361304
9.781228,136.114377
9.908257,136.114377
10.035286,136.285409
10.162315,136.285409
10.289344,136.370925
10.416373,136.370925
10.543402,136.456440
10.670430,136.456440
10.797459,138.166756
10.924488,138.166756
11.051517,138.252272
11.178546,138.252272
11.305575,138.765366
11.432604,138.765366
11.559633,138.936398
11.686662,138.936398
11.813691,139.321219
11.940720,139.321219
12.067749,139.321219
12.194778,139.321219
12.321807,139.321219
12.448836,139.321219
12.575865,139.321219
12.702893,139.321219
12.829922,139.321219
12.956951,139.321219
13.083980,139.321219
13.211009,139.321219
13.338038,139.321219
13.465067,139.321219
13.592096,139.321219
13.719125,139.321219
13.846154,139.321219
13.973183,139.321219
14.100212,139.321219
14.227241,139.321219
14.354270,139.321219
14.481299,139.321219
16.640790,141.758418
16.767819,141.758418
16.894848,141.758418
17.021877,141.758418
17.148906,141.843934
17.275935,141.843934
17.402964,143.725281
17.529993,143.725281
17.657022,143.810796
17.784051,143.810796
17.911080,143.810796
18.038109,143.810796
18.165138,143.810796
18.292167,143.810796
18.419195,143.810796
18.546224,143.810796
18.673253,143.768038
18.800282,143.725281
18.927311,142.143239
19.054340,142.100481
19.181369,142.955639
19.308398,142.955639
19.435427,143.041154
19.562456,143.041154
19.689485,143.041154
19.816514,143.041154
19.943543,143.041154
20.070572,143.041154
20.197601,143.041154
20.324629,143.041154
20.451658,142.741849
20.578687,142.699091
20.705716,142.699091
20.832745,142.699091
20.959774,142.228755
21.086803,142.185997
21.213832,141.715660
21.340861,141.672902
21.467890,139.321219
21.594919,139.321219
21.721948,139.321219
21.848977,139.321219
21.976006,139.321219
22.103035,139.321219
22.230064,138.466061
22.357092,138.423303
22.484121,138.423303
22.611150,138.423303
22.738179,138.423303
22.865208,138.423303
23.246295,138.423303
23.373324,138.423303
23.500353,138.423303
23.627382,138.423303
23.754411,138.423303
23.881440,138.423303
24.008469,138.423303
24.135498,138.423303
24.262526,138.380545
24.389555,138.380545
24.516584,138.209514
24.643613,138.209514
24.770642,138.209514
24.897671,138.209514
25.024700,137.952966
25.151729,137.952966
25.278758,137.012293
25.405787,137.012293
25.532816,136.926777
25.659845,136.926777
25.786874,136.926777
25.913903,136.926777
26.040932,134.361304
26.167960,134.361304
26.294989,134.361304
26.422018,134.361304
26.549047,133.164083
26.676076,133.164083
26.803105,133.164083
26.930134,133.164083
27.057163,134.361304
27.184192,134.361304
27.311221,134.361304
27.438250,134.361304
27.565279,134.361304
27.692308,134.361304
27.819337,134.361304
27.946366,134.361304
28.073394,136.285409
28.200423,136.328167
28.327452,136.627472
28.454481,136.670230
28.581510,136.670230
28.708539,136.670230
28.835568,137.397114
28.962597,137.439872
29.089626,137.439872
29.216655,137.439872
29.343684,139.107429
29.470713,139.150187
29.597742,139.321219
29.724771,139.321219
29.851800,141.501871
29.978829,141.544629
30.105857,141.544629
30.232886,141.544629
30.359915,141.929449
30.486944,141.972207
30.613973,142.357028
30.741002,142.399786
30.868031,142.442544
30.995060,142.485302
31.122089,142.485302
31.249118,142.485302
31.376147,142.485302
31.503176,142.485302
31.630205,142.955639
31.757234,142.998397
31.884263,143.041154
32.011291,143.083912
32.138320,143.083912
32.265349,143.083912
32.392378,143.126670
32.519407,143.169428
32.646436,143.511491
32.773465,143.511491
32.900494,143.511491
33.027523,143.511491
33.154552,143.511491
33.281581,143.511491
33.408610,143.511491
33.535639,143.511491
33.662668,143.511491
33.789697,143.511491
34.424841,143.212186
34.551870,143.254944
34.678899,143.254944
34.805928,143.254944
34.932957,143.254944
35.059986,143.254944
35.187015,143.254944
35.314044,143.254944
35.441073,143.254944
35.568102,143.254944
35.695131,143.254944
35.822159,143.254944
35.949188,143.169428
36.076217,143.169428
36.203246,142.741849
36.330275,142.741849
36.457304,142.485302
36.584333,142.485302
36.711362,142.143239
36.838391,142.143239
36.965420,143.212186
37.092449,143.254944
37.219478,143.297702
37.346507,143.340460
37.473536,143.340460
37.600565,143.340460
37.727594,143.340460
37.854622,143.340460
37.981651,143.340460
38.108680,143.340460
38.235709,143.254944
38.362738,143.254944
38.489767,142.314270
38.616796,141.630144
38.743825,141.630144
38.870854,141.630144
38.997883,141.630144
39.124912,141.630144
39.251941,141.630144
43.316867,143.212186
43.443896,143.254944
43.570924,143.254944
43.697953,143.254944
43.824982,143.254944
43.952011,143.254944
44.079040,143.254944
44.206069,143.254944
44.333098,143.254944
44.460127,143.254944
44.587156,143.383218
44.714185,143.425975
44.841214,144.409407
44.968243,144.452165
45.095272,144.537680
45.222301,144.537680
45.349330,144.537680
45.476359,144.537680
45.603387,144.537680
45.730416,144.537680
45.857445,144.537680
45.984474,144.537680
46.111503,144.537680
46.238532,144.537680
46.365561,144.537680
46.492590,144.537680
46.619619,144.537680
46.746648,144.537680
46.873677,144.537680
47.000706,144.537680
47.127735,144.537680
47.254764,144.537680
47.381793,144.281133
47.508821,144.281133
47.889908,144.537680
48.016937,144.537680
48.143966,144.537680
48.270995,144.537680
48.398024,144.537680
48.525053,144.537680
48.652082,144.537680
48.779111,144.537680
48.906140,144.537680
49.033169,144.537680
49.160198,144.537680
49.287227,144.537680
49.414255,144.537680
49.541284,144.537680
49.668313,144.537680
49.795342,144.537680
49.922371,144.537680
50.049400,144.537680
50.176429,144.537680
50.303458,144.537680
50.430487,144.537680
50.557516,144.537680
50.684545,144.537680
50.811574,144.537680
50.938603,144.537680
51.065632,144.537680
51.446718,146.290754
51.700776,146.803848
51.827805,146.846606
51.954834,146.846606
52.081863,146.846606
52.208892,146.846606
52.335921,146.846606
52.462950,146.846606
52.589979,146.846606
52.717008,146.846606
52.844037,146.846606
52.971066,146.761090
53.098095,146.761090
53.225124,149.027258
53.352152,149.070016
53.479181,149.070016
53.606210,149.070016
53.733239,149.070016
53.860268,149.070016
53.987297,149.070016
54.114326,149.070016
54.241355,149.070016
54.368384,149.070016
54.495413,148.727953
54.622442,148.727953
54.749471,147.274185
54.876500,147.274185
55.003529,147.274185
55.130558,147.274185
55.257586,147.274185
55.384615,147.274185
55.511644,147.274185
55.638673,147.274185
55.765702,147.188669
55.892731,147.188669
56.019760,146.675575
56.146789,146.675575
56.273818,146.590059
56.400847,146.590059
56.527876,146.590059
56.654905,146.590059
56.781934,146.590059
56.908963,146.590059
57.035992,146.504543
57.163020,146.504543
57.290049,146.504543
57.417078,146.504543
57.544107,146.547301
57.671136,146.590059
57.798165,146.590059
57.925194,146.590059
58.052223,146.803848
58.179252,146.846606
58.306281,147.744522
58.433310,147.787280
58.560339,148.086585
58.687368,148.129343
58.814397,148.129343
58.941426,148.129343
59.068454,148.129343
59.195483,148.129343
59.322512,148.129343
59.449541,148.129343
59.576570,148.129343
59.703599,148.129343
59.830628,148.129343
59.957657,148.129343
60.084686,148.043827
60.211715,148.043827
60.338744,149.027258
60.465773,149.070016
60.592802,149.112774
60.719831,149.155532
60.846860,149.155532
60.973888,149.155532
61.100917,149.155532
61.227946,149.155532
61.354975,149.155532
61.482004,149.155532
61.609033,149.070016
61.736062,149.070016
61.863091,148.385890
61.990120,148.385890
62.117149,148.385890
62.244178,148.385890
62.371207,148.385890
62.498236,148.385890
62.625265,148.300374
62.752294,148.300374
62.879323,148.129343
63.006351,148.129343
63.133380,148.043827
63.260409,148.043827
63.387438,147.872795
63.514467,147.872795
63.641496,147.872795
63.768525,147.872795
63.895554,147.872795
64.022583,147.872795
64.149612,147.872795
64.276641,147.872795
64.403670,147.872795
64.530699,147.872795
64.657728,147.787280
64.784757,147.787280
64.911785,147.787280
65.038814,147.787280
65.165843,148.257616
65.292872,148.300374
65.419901,148.343132
65.546930,148.385890
65.673959,148.385890
65.800988,148.385890
65.928017,148.385890
66.055046,148.385890
66.182075,148.385890
66.309104,148.385890
66.436133,148.214858
66.563162,148.214858
66.690191,148.043827
66.817219,148.043827
66.944248,148.172100
67.071277,148.214858
67.198306,148.300374
67.325335,148.300374
67.452364,148.300374
67.579393,148.300374
67.706422,148.300374
67.833451,148.300374
67.960480,148.770711
68.087509,148.813469
68.214538,148.856227
68.341567,148.898985
68.468596,149.454837
68.595625,149.497595
68.722653,149.540353
68.849682,149.583111
68.976711,149.583111
69.103740,149.583111
69.230769,149.583111
69.357798,149.583111
69.484827,149.583111
69.611856,149.583111
69.738885,149.583111
69.865914,149.583111
70.501059,149.369321
70.628088,149.412079
70.755116,149.583111
70.882145,149.583111
71.009174,149.583111
71.136203,149.583111
71.263232,149.583111
71.390261,149.583111
71.517290,149.583111
71.644319,149.583111
71.771348,149.583111
71.898377,149.583111
72.025406,149.583111
72.152435,149.583111
72.279464,149.583111
72.406493,149.583111
72.533522,147.701764
72.660550,147.701764
72.787579,147.872795
72.914608,147.872795
73.041637,148.043827
73.168666,148.043827
73.295695,148.043827
73.422724,148.043827
73.549753,148.043827
73.676782,148.043827
73.803811,148.043827
73.930840,148.043827
74.057869,148.043827
74.184898,148.043827
74.311927,148.043827
74.438956,148.043827
74.565984,148.043827
74.693013,148.043827
75.836274,146.333511
75.963303,146.333511
76.090332,146.333511
76.217361,146.333511
76.344390,146.333511
76.471418,146.333511
76.598447,146.761090
76.725476,146.761090
76.852505,146.846606
76.979534,146.846606
77.106563,147.701764
77.233592,147.701764
77.360621,147.872795
77.487650,147.872795
77.614679,147.872795
77.741708,147.872795
77.868737,147.872795
77.995766,147.872795
78.122795,147.872795
78.249824,147.872795
78.376853,149.583111
78.503881,149.583111
78.630910,149.583111
78.757939,149.583111
78.884968,149.583111
79.011997,149.583111
79.139026,149.583111
79.266055,149.583111
79.393084,149.583111
79.520113,149.583111
79.647142,149.583111
79.774171,149.583111
79.901200,149.326563
80.028229,149.326563
80.155258,147.872795
80.282287,147.872795
80.409315,147.701764
80.536344,147.701764
80.663373,147.103153
80.790402,147.103153
80.917431,147.103153
81.044460,147.103153
81.171489,147.103153
81.298518,147.103153
81.425547,147.359701
81.552576,147.359701
81.679605,147.359701
81.806634,147.359701
81.933663,147.359701
82.060692,147.359701
82.187721,147.701764
82.314749,147.701764
82.441778,147.787280
82.568807,147.787280
82.695836,147.787280
82.822865,147.787280
82.949894,147.787280
83.076923,147.787280
83.203952,147.787280
83.330981,147.787280
83.458010,147.872795
83.585039,147.872795
83.712068,147.872795
83.839097,147.872795
83.966126,147.872795
84.093155,147.872795
84.220183,147.872795
84.347212,147.872795
84.474241,147.530732
84.601270,147.530732
84.728299,147.103153
84.855328,147.103153
84.982357,147.103153
85.109386,147.103153
85.236415,147.103153
85.363444,147.103153
85.490473,147.616248
85.617502,147.616248
85.744531,147.616248
85.871560,147.616248
85.998589,147.616248
86.125618,147.616248
86.252646,147.616248
86.379675,147.616248
86.506704,147.616248
86.633733,147.616248
86.760762,147.616248
86.887791,147.616248
87.014820,147.103153
87.141849,147.103153
87.268878,147.103153
87.395907,147.103153
87.522936,147.017638
87.649965,147.017638
87.776994,146.846606
87.904023,146.846606
88.031052,146.761090
88.158080,146.761090
90.825688,144.537680
90.952717,144.537680
91.079746,144.537680
91.206775,144.537680
91.333804,144.537680
91.460833,144.537680
91.587862,144.537680
91.714891,144.537680
91.841920,144.537680
91.968948,144.537680
92.095977,144.281133
92.223006,144.281133
92.350035,144.281133
92.477064,144.281133
92.604093,143.083912
92.731122,143.083912
92.858151,143.083912
92.985180,143.083912
93.112209,142.998397
93.239238,142.998397
93.366267,142.741849
93.493296,142.741849
93.620325,142.741849
93.747354,142.741849
93.874382,142.741849
94.001411,142.741849
94.128440,142.741849
94.255469,142.741849
94.382498,142.399786
94.509527,142.399786
95.398730,139.321219
95.525759,139.321219
95.652788,140.946018
95.779817,140.946018
95.906845,140.946018
96.033874,140.946018
96.160903,140.946018
96.287932,140.946018
96.414961,140.946018
96.541990,140.946018
96.669019,140.946018
96.796048,140.946018
101.115032,134.104757
101.242061,134.104757
101.369090,134.104757
101.496119,134.190273
101.623147,134.190273
101.750176,134.190273
101.877205,134.190273
102.004234,134.190273
102.131263,134.190273
102.258292,134.190273
102.385321,134.190273
102.512350,134.190273
102.639379,134.190273
102.766408,134.190273
102.893437,134.190273
103.020466,136.157135
103.147495,136.157135
103.274524,136.157135
103.401553,136.157135
103.528582,136.926777
103.655610,136.926777
103.782639,137.867451
103.909668,137.867451
104.036697,137.952966
104.163726,137.952966
104.290755,137.952966
104.417784,137.952966
104.544813,137.952966
104.671842,137.952966
104.798871,137.952966
104.925900,137.952966
105.052929,137.781935
105.179958,137.781935
105.306987,137.696419
105.434016,137.696419
105.561044,137.867451
105.688073,137.867451
105.815102,137.952966
105.942131,137.952966
106.069160,137.952966
106.196189,137.952966
106.323218,137.952966
106.450247,137.952966
106.577276,137.952966
106.704305,137.952966
106.831334,137.867451
106.958363,137.867451
107.085392,136.926777
107.212421,136.926777
107.339450,136.926777
107.466478,136.926777
107.593507,136.926777
107.720536,136.926777
108.101623,136.670230
108.228652,136.670230
108.355681,136.670230
108.609739,137.867451
108.736768,137.867451
108.863797,137.952966
108.990826,137.952966
109.117855,137.952966
109.244884,137.952966
109.371912,137.952966
109.498941,137.952966
109.625970,137.952966
109.752999,137.952966
109.880028,137.952966
110.007057,137.952966
110.134086,137.696419
110.261115,137.696419
110.388144,137.525387
110.515173,137.525387
110.642202,137.525387
110.769231,137.525387
110.896260,137.525387
111.023289,137.525387
111.150318,137.183324
111.277347,137.183324
111.404375,137.183324
111.531404,137.183324
111.658433,137.183324
111.785462,137.183324
111.912491,137.183324
112.039520,137.183324
112.166549,137.183324
112.293578,137.183324
112.420607,137.268840
112.547636,137.268840
112.674665,137.268840
112.801694,137.268840
112.928723,137.439872
113.055752,137.439872
113.182781,137.439872
113.309809,137.439872
113.436838,137.439872
113.563867,137.439872
113.690896,137.439872
113.817925,137.439872
113.944954,137.439872
114.071983,137.439872
114.199012,137.183324
114.326041,137.183324
114.453070,136.670230
114.580099,136.670230
114.707128,136.670230
114.834157,136.670230
115.977417,136.926777
116.104446,136.926777
116.231475,136.926777
116.358504,136.926777
116.485533,137.439872
116.612562,137.439872
116.739591,137.525387
116.866620,137.525387
116.993649,137.781935
117.120677,137.781935
117.247706,137.952966
117.374735,137.952966
117.501764,137.952966
117.628793,137.952966
117.755822,138.893640
117.882851,138.893640
118.009880,138.979156
118.136909,138.979156
118.263938,138.979156
118.390967,138.979156
118.517996,139.321219
118.645025,139.321219
118.772054,139.321219
118.899083,139.321219
119.026112,139.321219
119.153140,139.321219
119.280169,139.321219
119.407198,139.321219
120.042343,144.024586
120.169372,144.024586
120.296401,144.110102
120.423430,144.110102
120.550459,144.110102
120.677488,144.110102
120.804517,144.110102
120.931546,144.110102
121.058574,144.110102
121.185603,144.110102
121.312632,144.110102
121.439661,144.110102
121.566690,144.024586
121.693719,144.024586
121.820748,143.340460
121.947777,143.340460
122.074806,143.083912
122.201835,143.083912
122.328864,143.083912
122.455893,143.083912
122.582922,143.083912
122.709951,143.083912
122.836980,143.083912
122.964008,143.083912
123.091037,143.083912
123.218066,143.083912
123.345095,143.254944
123.472124,143.254944
123.599153,143.340460
123.726182,143.340460
123.853211,143.853554
123.980240,143.853554
124.107269,143.853554
124.234298,143.853554
124.361327,143.853554
124.488356,143.853554
124.615385,143.853554
124.742414,143.853554
124.869442,143.939070
124.996471,143.939070
125.123500,144.024586
125.250529,144.024586
125.377558,144.024586
125.504587,144.024586
125.631616,144.024586
125.758645,144.024586
125.885674,144.024586
126.012703,144.024586
126.139732,144.024586
126.266761,144.024586
126.393790,143.853554
126.520819,143.853554
126.647848,143.853554
126.774876,143.853554
126.901905,143.853554
127.028934,143.853554
127.155963,143.853554
127.282992,143.853554
127.410021,143.853554
127.537050,143.853554
127.664079,143.853554
127.791108,143.853554
127.918137,143.597007
128.045166,143.597007
128.172195,143.425975
128.299224,143.425975
128.426253,142.827365
128.553282,142.827365
128.680311,142.741849
128.807339,142.741849
128.934368,141.801176
129.061397,141.801176
129.188426,141.801176
129.315455,141.801176
129.442484,141.801176
129.569513,141.801176
129.696542,141.630144
129.823571,141.630144
129.950600,142.057723
130.077629,142.057723
130.204658,142.228755
130.331687,142.228755
130.458716,142.314270
130.585745,142.314270
130.712773,142.314270
130.839802,142.314270
130.966831,142.827365
131.093860,142.827365
131.220889,142.827365
131.347918,142.827365
131.474947,142.827365
131.601976,142.827365
131.729005,142.827365
131.856034,142.827365
131.983063,143.511491
132.110092,143.511491
132.237121,143.597007
132.364150,143.597007
132.491179,143.597007
132.618207,143.597007
132.745236,143.597007
132.872265,143.597007
132.999294,143.597007
133.126323,143.597007
133.253352,143.597007
133.380381,143.597007
133.507410,143.597007
133.634439,143.597007
133.761468,143.597007
133.888497,143.597007
134.015526,144.024586
134.142555,144.024586
134.269584,144.024586
134.396613,144.024586
134.523641,144.024586
134.650670,144.024586
134.777699,144.537680
134.904728,144.537680
135.031757,144.537680
135.158786,144.537680
135.285815,144.537680
135.412844,144.537680
135.539873,144.537680
135.666902,144.537680
135.793931,144.537680
135.920960,144.537680
136.302047,147.359701
136.429076,147.359701
136.556104,147.359701
136.683133,147.359701
136.810162,147.359701
136.937191,147.359701
137.064220,147.359701
137.191249,147.359701
137.318278,147.359701
137.445307,147.359701
138.588567,144.537680
138.715596,144.537680
138.842625,144.537680
138.969654,144.537680
139.096683,144.537680
139.223712,144.537680
139.350741,144.537680
139.477770,144.537680
139.604799,144.537680
139.731828,144.537680
139.858857,144.110102
139.985886,144.110102
140.112915,144.110102
140.239944,144.110102
140.366972,144.110102
140.494001,144.110102
140.621030,144.110102
140.748059,144.110102
140.875088,144.024586
141.002117,144.024586
141.129146,143.597007
141.256175,143.597007
141.383204,143.340460
141.510233,143.340460
141.637262,144.452165
141.764291,144.452165
141.891320,144.537680
142.018349,144.537680
142.145378,144.537680
142.272406,144.537680
142.399435,144.537680
142.526464,144.537680
142.653493,144.537680
142.780522,144.537680
142.907551,144.537680
143.034580,144.537680
143.161609,142.741849
143.288638,142.741849
143.415667,142.827365
143.542696,142.827365
143.669725,144.537680
143.796754,144.537680
143.923783,144.537680
144.050812,144.537680
144.177841,144.537680
144.304869,144.537680
144.431898,148.556921
144.558927,148.556921
144.685956,148.642437
144.812985,148.642437
144.940014,148.642437
145.067043,148.642437
145.194072,148.642437
145.321101,148.642437
145.448130,148.642437
145.575159,148.642437
145.702188,148.556921
145.829217,148.556921
145.956246,147.188669
146.083275,147.188669
146.210303,147.359701
146.337332,147.359701
146.464361,147.787280
146.591390,147.787280
146.718419,148.043827
146.845448,148.043827
146.972477,148.043827
147.099506,148.043827
147.226535,148.043827
147.353564,148.043827
147.480593,148.043827
147.607622,148.043827
147.734651,149.583111
147.861680,149.583111
147.988709,149.583111
148.115737,149.583111
148.242766,149.583111
148.369795,149.583111
148.496824,149.583111
148.623853,149.583111
148.750882,149.583111
148.877911,149.583111
149.004940,149.497595
149.131969,149.497595
149.258998,148.385890
149.386027,148.385890
149.513056,149.583111
149.640085,149.583111
149.767114,149.583111
149.894143,149.583111
150.021171,149.583111
150.148200,149.583111
150.275229,149.583111
150.402258,149.583111
150.529287,149.583111
150.656316,149.583111
152.815808,149.583111
152.942837,149.583111
153.069866,149.583111
153.196895,149.583111
153.323924,149.583111
153.450953,149.583111
153.577982,149.583111
153.705011,149.583111
153.832040,149.583111
153.959068,149.583111
158.278052,147.274185
158.405081,147.274185
158.532110,147.274185
158.659139,147.274185
158.786168,147.274185
158.913197,147.274185
159.040226,147.274185
159.167255,146.846606
159.294284,146.846606
159.421313,146.846606
159.548342,146.846606
159.675371,146.846606
159.802399,146.846606
161.961891,146.590059
162.088920,146.590059
162.215949,146.590059
162.342978,146.590059
162.470007,146.590059
162.597036,146.590059
162.724065,146.590059
162.851094,146.590059
162.978123,146.590059
163.105152,146.590059
163.232181,146.590059
163.359210,146.590059
163.486239,147.359701
163.613267,147.359701
163.740296,147.616248
163.867325,147.616248
163.994354,147.616248
164.121383,147.616248
164.248412,147.616248
164.375441,147.616248
164.502470,147.616248
164.629499,147.616248
164.756528,147.616248
164.883557,147.616248
165.010586,147.616248
165.137615,147.616248
165.264644,147.103153
165.391673,147.103153
165.518701,147.872795
165.645730,147.872795
165.772759,147.872795
165.899788,147.872795
166.026817,147.872795
166.153846,147.872795
166.280875,147.872795
166.407904,147.872795
166.534933,147.872795
166.661962,147.872795
166.788991,147.872795
166.916020,147.872795
167.043049,147.787280
167.170078,147.787280
167.297107,147.616248
167.424135,147.616248
167.805222,146.333511
167.932251,146.333511
168.059280,147.616248
168.186309,147.616248
168.313338,147.616248
168.440367,147.616248
168.567396,147.616248
168.694425,147.616248
168.821454,147.616248
168.948483,147.616248
169.075512,147.616248
169.202541,147.616248
169.329570,147.616248
169.456598,147.616248
169.583627,147.188669
169.710656,147.188669
169.837685,147.103153
169.964714,147.103153
170.091743,146.675575
170.218772,146.675575
170.345801,146.590059
170.472830,146.590059
170.599859,146.504543
170.726888,146.504543
170.853917,144.537680
170.980946,144.537680
171.107975,144.537680
171.235004,144.537680
171.362032,144.537680
171.489061,144.537680
171.616090,144.537680
171.743119,144.537680
171.870148,144.537680
171.997177,144.537680
172.124206,144.537680
172.251235,144.537680
172.378264,144.537680
172.505293,144.537680
172.632322,144.537680
172.759351,144.537680
172.886380,144.537680
173.013409,144.537680
173.140438,144.537680
173.267466,144.537680
173.394495,144.537680
173.521524,144.537680
173.648553,144.537680
173.775582,144.537680
173.902611,144.537680
174.029640,144.537680
174.156669,144.537680
174.283698,144.537680
174.410727,144.537680
174.537756,144.537680
176.443190,146.333511
176.570219,146.333511
176.697248,146.419027
176.824277,146.419027
176.951306,146.419027
177.078335,146.419027
177.205363,146.419027
177.332392,146.419027
177.459421,146.419027
177.586450,146.419027
177.713479,146.419027
177.840508,146.419027
177.967537,146.333511
178.094566,146.333511
178.221595,146.247996
178.348624,146.247996
178.475653,144.537680
178.602682,144.537680
178.729711,144.537680
178.856740,144.537680
178.983769,144.537680
179.110797,144.537680
179.237826,144.537680
179.364855,144.537680
179.491884,144.537680
179.618913,144.537680
179.745942,144.537680
179.872971,144.537680
180.000000,144.537680
180.127029,144.537680
180.254058,144.537680
180.381087,144.537680
180.508116,144.537680
180.635145,144.537680
181.778405,144.537680
181.905434,144.537680
182.032463,144.537680
182.159492,144.537680
182.286521,144.537680
182.413550,144.537680
182.540579,144.537680
182.667608,144.537680
182.794637,144.537680
182.921665,144.537680
183.048694,143.853554
183.175723,143.853554
183.302752,143.853554
183.429781,143.853554
183.556810,143.597007
183.683839,143.597007
183.810868,143.597007
183.937897,143.597007
184.064926,143.597007
184.191955,143.597007
184.318984,144.024586
184.446013,144.024586
184.573042,144.110102
184.700071,144.110102
184.827100,144.110102
184.954128,144.110102
185.081157,144.110102
185.208186,144.110102
185.335215,144.110102
185.462244,144.110102
185.589273,144.024586
185.716302,144.024586
185.843331,143.340460
185.970360,143.340460
186.097389,143.340460
186.224418,143.340460
186.351447,143.340460
186.478476,143.340460
186.605505,143.768038
186.732534,143.768038
186.859562,143.853554
186.986591,143.853554
187.113620,143.853554
187.240649,143.853554
187.367678,143.853554
187.494707,143.853554
187.621736,143.853554
187.748765,143.853554
187.875794,143.768038
188.002823,143.768038
188.129852,143.682523
188.256881,143.682523
188.383910,142.485302
188.510939,142.485302
188.637968,143.169428
188.764996,143.169428
188.892025,143.340460
189.019054,143.340460
189.146083,143.340460
189.273112,143.340460
189.400141,143.340460
189.527170,143.340460
189.654199,144.537680
189.781228,144.537680
189.908257,144.537680
190.035286,144.537680
190.162315,144.537680
190.289344,144.537680
190.416373,144.537680
190.543402,144.537680
190.670430,144.537680
190.797459,144.537680
190.924488,147.103153
191.051517,147.103153
191.178546,147.103153
191.305575,147.103153
191.432604,147.103153
191.559633,147.103153
191.686662,147.103153
191.813691,147.103153
191.940720,147.103153
192.067749,147.103153
192.194778,147.274185
192.321807,147.274185
192.448836,147.359701
192.575865,147.359701
192.702893,147.359701
192.829922,147.359701
192.956951,147.359701
193.083980,147.359701
193.211009,147.359701
193.338038,147.359701
193.465067,147.231427
193.592096,147.188669
193.719125,146.162480
193.846154,146.162480
193.973183,146.162480
194.100212,146.162480
194.227241,144.537680
194.354270,144.537680
194.481299,144.537680
194.608327,144.537680
194.735356,143.468733
194.862385,143.425975
194.989414,142.528060
195.116443,142.485302
195.243472,141.074292
195.370501,141.031534
195.497530,139.321219
195.624559,139.321219
195.751588,139.321219
195.878617,139.321219
196.005646,139.321219
196.132675,139.321219
196.259704,139.235703
196.386733,139.235703
196.513761,137.824693
196.640790,137.824693
196.767819,137.824693
196.894848,137.824693
197.021877,137.824693
197.148906,137.824693
197.275935,137.739177
197.402964,137.739177
197.529993,136.028862
197.657022,136.028862
197.784051,136.028862
197.911080,136.028862
198.038109,136.028862
198.165138,136.028862
200.324629,137.995724
200.451658,137.995724
200.578687,138.081240
200.705716,138.081240
200.832745,138.081240
200.959774,138.081240
201.086803,138.081240
201.213832,138.081240
201.340861,138.081240
201.467890,138.081240
201.594919,137.910208
201.721948,137.910208
201.848977,136.541956
201.976006,136.541956
202.103035,136.541956
202.230064,136.541956
202.357092,136.370925
202.484121,136.370925
202.611150,134.361304
202.738179,134.361304
202.865208,131.924105
202.992237,131.924105
203.119266,131.924105
203.246295,131.924105
203.373324,131.582042
203.500353,131.582042
203.627382,129.273116
203.754411,129.273116
203.881440,129.273116
204.008469,129.273116
204.135498,129.273116
204.262526,129.273116
204.389555,127.477285
204.516584,127.477285
204.643613,127.477285
204.770642,127.477285
204.897671,126.622127
205.024700,126.622127
205.151729,126.109033
205.278758,126.109033
205.405787,126.194548
205.532816,126.194548
205.659845,126.194548
205.786874,126.194548
205.913903,126.194548
206.040932,126.194548
206.167960,126.194548
206.294989,126.194548
206.422018,126.109033
206.549047,126.109033
206.676076,126.451096
206.803105,126.451096
206.930134,126.622127
207.057163,126.622127
207.184192,126.707643
207.311221,126.707643
207.438250,126.707643
207.565279,126.707643
207.692308,126.707643
207.819337,126.707643
207.946366,126.707643
208.073394,126.707643
208.200423,126.622127
208.327452,126.622127
208.454481,126.622127
208.581510,126.622127
208.708539,127.391769
208.835568,127.391769
208.962597,128.417958
209.089626,128.417958
209.216655,129.273116
209.343684,129.273116
209.470713,129.273116
209.597742,129.273116
209.724771,129.273116
209.851800,129.273116
209.978829,129.273116
210.105857,129.273116
210.232886,129.273116
210.359915,129.273116
210.995060,129.273116
211.122089,129.273116
211.249118,129.273116
211.376147,129.273116
211.503176,129.273116
211.630205,129.273116
211.757234,129.273116
211.884263,129.273116
212.011291,129.273116
216.076217,131.667557
216.203246,131.667557
216.330275,131.753073
216.457304,131.753073
216.584333,131.753073
216.711362,131.753073
216.838391,131.753073
216.965420,131.753073
217.092449,132.437199
217.219478,132.437199
217.346507,132.437199
217.473536,132.437199
217.600565,132.437199
217.727594,132.437199
217.854622,132.437199
217.981651,132.437199
218.108680,132.437199
218.235709,132.437199
218.362738,132.522715
218.489767,132.522715
218.616796,134.361304
218.743825,134.361304
218.870854,134.361304
218.997883,134.361304
219.124912,134.361304
219.251941,134.361304
219.378970,134.361304
219.505999,134.361304
219.633028,134.361304
219.760056,134.361304
219.887085,134.361304
220.014114,134.361304
220.141143,134.361304
220.268172,134.361304
220.395201,134.361304
220.522230,134.361304
220.649259,134.361304
220.776288,134.361304
220.903317,134.361304
221.030346,134.361304
221.157375,136.969535
221.284404,136.969535
221.411433,137.055051
221.538462,137.055051
221.665490,137.226082
221.792519,137.226082
221.919548,137.226082
222.046577,137.226082
222.173606,137.226082
222.300635,137.226082
222.427664,137.226082
222.554693,137.226082
222.681722,138.252272
222.808751,138.252272
222.935780,138.252272
223.062809,138.252272
223.189838,138.252272
223.316867,138.252272
223.443896,138.765366
223.570924,138.765366
223.697953,139.192945
223.824982,139.192945
223.952011,139.278461
224.079040,139.278461
224.206069,139.278461
224.333098,139.278461
224.460127,139.278461
224.587156,139.278461
224.714185,139.278461
224.841214,139.278461
224.968243,139.278461
225.095272,139.278461
225.222301,137.824693
225.349330,137.824693
225.476359,137.739177
225.603387,137.739177
225.730416,137.568145
225.857445,137.568145
225.984474,137.568145
226.111503,137.568145
226.238532,137.482630
226.365561,137.482630
227.762879,136.028862
227.889908,136.028862
228.016937,136.028862
228.143966,136.028862
228.270995,136.028862
228.398024,136.028862
228.525053,136.028862
228.652082,136.028862
228.779111,136.028862
228.906140,136.028862
229.033169,138.765366
229.160198,138.765366
229.287227,138.850882
229.414255,138.850882
229.541284,138.850882
229.668313,138.850882
229.795342,138.850882
229.922371,138.850882
230.049400,138.850882
230.176429,138.850882
230.303458,138.765366
230.430487,138.765366
230.557516,138.081240
230.684545,138.081240
230.811574,138.081240
230.938603,138.081240
231.065632,137.995724
231.192661,137.995724
231.319689,137.995724
231.446718,137.995724
231.573747,137.910208
231.700776,137.910208
231.827805,134.361304
231.954834,134.361304
232.081863,134.361304
232.208892,134.361304
232.335921,134.361304
232.462950,134.361304
232.589979,134.361304
232.717008,134.361304
232.844037,134.361304
232.971066,134.361304
233.098095,134.361304
233.225124,134.361304
233.352152,134.361304
233.479181,134.361304
233.606210,134.361304
233.733239,134.361304
233.860268,134.361304
233.987297,134.361304
234.368384,136.456440
234.495413,136.456440
234.622442,136.969535
234.749471,136.969535
234.876500,136.969535
235.003529,136.969535
235.130558,136.969535
235.257586,136.969535
235.384615,139.021913
235.511644,139.021913
235.638673,139.021913
235.765702,139.021913
235.892731,139.021913
236.019760,139.021913
236.146789,139.021913
236.273818,139.021913
236.400847,139.021913
236.527876,139.021913
236.654905,139.021913
236.781934,139.021913
236.908963,138.850882
237.035992,138.850882
237.163020,134.361304
237.290049,134.361304
237.417078,134.361304
237.544107,134.361304
237.671136,129.273116
237.798165,129.273116
237.925194,129.273116
238.052223,129.273116
238.179252,127.904864
238.306281,127.904864
238.433310,127.819348
238.560339,127.819348
238.687368,127.904864
238.814397,127.904864
238.941426,129.273116
239.068454,129.273116
239.195483,131.582042
239.322512,131.582042
239.449541,132.608231
239.576570,132.608231
239.703599,133.463389
239.830628,133.463389
239.957657,133.463389
240.084686,133.463389
240.211715,134.147515
240.338744,134.147515
240.465773,134.361304
240.592802,134.361304
240.719831,134.361304
240.846860,134.361304
240.973888,134.361304
241.100917,134.361304
241.227946,136.456440
241.354975,136.456440
241.482004,136.712988
241.609033,136.712988
241.736062,137.910208
241.863091,137.910208
241.990120,137.995724
242.117149,137.995724
242.244178,137.995724
242.371207,137.995724
242.498236,137.995724
242.625265,137.995724
242.752294,137.995724
242.879323,137.995724
243.006351,138.423303
243.133380,138.423303
243.260409,139.021913
243.387438,139.021913
243.514467,139.278461
243.641496,139.278461
243.768525,139.278461
243.895554,139.278461
244.022583,141.245323
244.149612,141.245323
244.276641,142.528060
244.403670,142.528060
244.530699,142.613576
244.657728,142.613576
244.784757,142.613576
244.911785,142.613576
245.038814,142.613576
245.165843,142.613576
245.292872,142.613576
245.419901,142.613576
245.546930,142.528060
245.673959,142.528060
245.800988,142.357028
245.928017,142.357028
246.055046,142.357028
246.182075,142.357028
246.309104,142.100481
246.436133,142.100481
246.563162,142.100481
246.690191,142.100481
246.817219,142.100481
246.944248,142.100481
247.071277,142.100481
247.198306,142.100481
247.325335,139.321219
247.452364,139.321219
247.579393,139.321219
247.706422,139.321219
247.833451,138.252272
247.960480,138.252272
248.087509,138.252272
248.214538,138.252272
248.341567,137.995724
248.468596,137.995724
248.595625,136.456440
248.722653,136.456440
248.849682,133.976483
248.976711,133.976483
249.103740,133.292357
249.230769,133.292357
249.611856,134.147515
249.738885,134.147515
249.865914,134.361304
249.992943,134.361304
250.119972,134.361304
250.247001,134.361304
250.374030,134.361304
250.501059,134.361304
250.628088,134.361304
250.755116,134.361304
250.882145,134.361304
251.009174,134.361304
251.136203,136.884019
251.263232,136.884019
251.390261,138.765366
251.517290,138.765366
251.644319,139.021913
251.771348,139.021913
251.898377,139.321219
252.025406,139.321219
252.152435,139.321219
252.279464,139.321219
252.406493,139.321219
252.533522,139.321219
252.660550,139.321219
252.787579,139.321219
252.914608,139.321219
253.041637,139.321219
253.168666,139.321219
253.295695,139.321219
253.422724,139.321219
253.549753,139.321219
253.676782,143.297702
253.803811,143.297702
253.930840,143.297702
254.057869,143.297702
254.184898,143.297702
254.311927,143.297702
254.438956,143.383218
254.565984,143.383218
254.693013,143.554249
254.820042,143.554249
254.947071,144.537680
255.074100,144.537680
255.201129,144.537680
255.328158,144.537680
255.455187,144.537680
255.582216,144.537680
255.709245,146.205238
255.836274,146.205238
255.963303,146.632817
256.090332,146.632817
256.217361,146.889364
256.344390,146.889364
256.471418,146.889364
256.598447,146.889364
256.725476,146.889364
256.852505,146.889364
256.979534,146.889364
257.106563,146.889364
257.233592,146.889364
257.360621,146.889364
257.487650,146.889364
257.614679,146.889364
257.741708,146.803848
257.868737,146.803848
257.995766,144.537680
258.122795,144.537680
258.249824,144.537680
258.376853,144.537680
258.503881,143.896312
258.630910,143.896312
258.757939,143.896312
258.884968,143.896312
259.011997,143.725281
259.139026,143.725281
259.266055,142.357028
259.393084,142.357028
259.520113,142.357028
259.647142,142.357028
259.774171,142.271513
259.901200,142.271513
260.028229,142.357028
260.155258,142.357028
260.282287,142.528060
260.409315,142.528060
260.536344,142.613576
260.663373,142.613576
260.790402,143.468733
260.917431,143.468733
261.044460,143.639765
261.171489,143.639765
261.298518,143.639765
261.425547,143.639765
261.552576,143.810796
261.679605,143.810796
261.806634,143.896312
261.933663,143.896312
262.060692,143.896312
262.187721,143.896312
262.314749,143.896312
262.441778,143.896312
262.568807,144.537680
262.695836,144.537680
262.822865,144.537680
262.949894,144.537680
263.076923,144.537680
263.203952,144.537680
263.330981,146.889364
263.458010,146.889364
263.585039,146.889364
263.712068,146.889364
263.839097,146.974880
263.966126,146.974880
264.093155,147.402459
264.220183,147.402459
264.347212,147.402459
264.474241,147.402459
264.601270,147.402459
264.728299,147.402459
264.855328,147.402459
264.982357,147.402459
265.109386,147.316943
265.236415,147.316943
265.363444,147.402459
265.490473,147.402459
265.617502,147.402459
265.744531,147.402459
265.871560,147.402459
265.998589,147.402459
266.125618,147.402459
266.252646,147.402459
266.379675,147.316943
266.506704,147.316943
266.633733,146.632817
266.760762,146.632817
266.887791,146.632817
267.014820,146.632817
267.141849,146.632817
267.268878,146.632817
267.395907,146.632817
267.522936,146.632817
267.649965,146.547301
267.776994,146.547301
267.904023,146.290754
268.031052,146.290754
268.158080,146.376269
268.285109,146.376269
268.412138,146.376269
268.539167,146.376269
268.666196,146.376269
268.793225,146.376269
268.920254,146.889364
269.047283,146.889364
269.174312,146.889364
269.301341,146.889364
269.428370,146.889364
269.555399,146.889364
269.682428,146.889364
269.809457,146.889364
269.936486,146.889364
270.063514,146.889364
270.190543,146.889364
270.317572,146.889364
270.444601,146.889364
277.304164,146.376269
277.431193,146.376269
277.558222,146.632817
277.685251,146.632817
277.812279,146.632817
277.939308,146.632817
278.066337,146.632817
278.193366,146.632817
278.320395,146.632817
278.447424,146.632817
278.574453,146.632817
278.701482,146.632817
278.828511,146.632817
278.955540,146.632817
279.590685,146.290754
279.717713,146.290754
279.844742,146.376269
279.971771,146.376269
280.098800,146.376269
280.225829,146.376269
280.352858,146.889364
280.479887,146.889364
280.606916,146.889364
280.733945,146.889364
280.860974,146.889364
280.988003,146.889364
281.115032,146.889364
281.242061,146.889364
281.369090,146.889364
281.496119,146.889364
281.623147,146.889364
281.750176,146.889364
281.877205,147.316943
282.004234,147.316943
282.131263,147.316943
282.258292,147.316943
282.385321,147.316943
282.512350,147.316943
282.639379,147.316943
282.766408,147.316943
282.893437,147.316943
283.020466,147.316943
283.147495,147.316943
283.274524,147.316943
283.401553,146.803848
283.528582,146.803848
283.655610,146.632817
283.782639,146.632817
283.909668,146.632817
284.036697,146.632817
284.163726,146.632817
284.290755,146.632817
284.417784,146.632817
284.544813,146.632817
284.671842,146.547301
284.798871,146.547301
285.434016,146.547301
285.561044,146.547301
285.688073,146.547301
285.815102,146.547301
285.942131,146.547301
286.069160,146.547301
286.196189,146.547301
286.323218,146.547301
286.450247,146.547301
286.577276,146.547301
286.704305,148.086585
286.831334,148.086585
286.958363,148.599679
287.085392,148.599679
287.212421,148.599679
287.339450,148.599679
287.466478,148.599679
287.593507,148.599679
287.720536,148.599679
287.847565,148.599679
287.974594,148.428648
288.101623,148.428648
288.228652,148.343132
288.355681,148.343132
288.482710,148.343132
288.609739,148.343132
288.736768,148.343132
288.863797,148.343132
288.990826,148.086585
289.117855,148.086585
289.244884,148.086585
289.371912,148.086585
289.498941,148.086585
289.625970,148.086585
289.752999,147.316943
289.880028,147.316943
290.007057,146.718332
290.134086,146.718332
290.261115,147.060396
290.388144,147.060396
290.515173,147.316943
290.642202,147.316943
290.769231,147.316943
290.896260,147.316943
291.023289,147.316943
291.150318,147.316943
291.277347,147.316943
291.404375,147.316943
291.531404,147.402459
291.658433,147.402459
291.785462,147.830037
291.912491,147.830037
292.039520,147.830037
292.166549,147.830037
292.293578,147.830037
292.420607,147.830037
292.547636,147.830037
292.674665,147.830037
292.801694,147.830037
292.928723,147.830037
293.055752,147.659006
293.182781,147.659006
294.071983,147.316943
294.199012,147.316943
294.326041,147.402459
294.453070,147.402459
294.580099,147.402459
294.707128,147.402459
294.834157,147.402459
294.961186,147.402459
295.088215,147.402459
295.215243,147.402459
295.342272,147.402459
295.469301,147.402459
295.596330,147.402459
295.723359,147.402459
295.850388,146.290754
295.977417,146.290754
296.104446,146.290754
296.231475,146.290754
296.358504,146.205238
296.485533,146.205238
296.612562,144.537680
296.739591,144.537680
296.866620,144.537680
296.993649,144.537680
297.120677,144.537680
297.247706,144.537680
297.374735,144.537680
297.501764,144.537680
297.628793,144.537680
297.755822,144.537680
297.882851,144.537680
298.009880,144.537680
298.136909,147.060396
298.263938,147.060396
298.390967,147.145911
298.517996,147.145911
298.645025,147.145911
298.772054,147.145911
298.899083,147.145911
299.026112,147.145911
299.153140,147.145911
299.280169,147.145911
299.407198,147.060396
299.534227,147.060396
299.661256,146.290754
299.788285,146.290754
299.915314,146.632817
300.042343,146.632817
300.169372,147.402459
300.296401,147.402459
300.423430,147.830037
300.550459,147.830037
300.677488,147.830037
300.804517,147.830037
300.931546,147.830037
301.058574,147.830037
301.185603,148.343132
301.312632,148.343132
301.439661,148.343132
301.566690,148.343132
301.693719,148.343132
301.820748,148.343132
301.947777,148.343132
302.074806,148.343132
302.201835,148.343132
302.328864,148.343132
302.455893,148.343132
302.582922,148.343132
302.709951,147.060396
302.836980,147.060396
302.964008,147.060396
303.091037,147.060396
303.218066,147.145911
303.345095,147.145911
303.472124,147.316943
303.599153,147.316943
303.726182,147.316943
303.853211,147.316943
303.980240,148.001069
304.107269,148.001069
304.234298,148.086585
304.361327,148.086585
304.488356,148.086585
304.615385,148.086585
304.742414,148.086585
304.869442,148.086585
304.996471,148.086585
305.123500,148.086585
305.250529,148.001069
305.377558,148.001069
305.504587,147.145911
305.631616,147.145911
305.758645,147.145911
305.885674,147.145911
306.012703,147.060396
306.139732,147.060396
306.266761,146.974880
306.393790,146.974880
306.520819,146.632817
306.647848,146.632817
306.774876,146.718332
306.901905,146.718332
307.028934,148.770711
307.155963,148.770711
307.282992,148.856227
307.410021,148.856227
307.537050,148.856227
307.664079,148.856227
307.791108,148.856227
307.918137,148.856227
308.045166,148.856227
308.172195,148.856227
308.299224,151.336184
308.426253,151.336184
308.553282,151.678247
308.680311,151.678247
308.807339,151.678247
308.934368,151.678247
309.061397,151.678247
309.188426,151.678247
309.315455,151.678247
309.442484,151.678247
309.569513,151.507215
309.696542,151.507215
309.823571,147.573490
309.950600,147.573490
310.077629,147.573490
310.204658,147.573490
310.331687,148.257616
310.458716,148.257616
310.585745,148.343132
310.712773,148.343132
310.839802,149.583111
310.966831,149.583111
311.093860,149.583111
311.220889,149.583111
311.347918,149.583111
311.474947,149.583111
311.601976,149.583111
311.729005,149.583111
311.856034,149.583111
311.983063,149.583111
312.110092,148.856227
312.237121,148.856227
312.364150,148.856227
312.491179,148.856227
312.618207,149.112774
312.745236,149.112774
312.872265,149.112774
312.999294,149.112774
313.126323,149.369321
313.253352,149.369321
313.380381,149.369321
313.507410,149.369321
313.634439,149.369321
313.761468,149.369321
313.888497,149.369321
314.015526,149.369321
314.142555,149.369321
314.269584,149.369321
314.396613,149.283805
314.523641,149.283805
314.650670,148.941742
314.777699,148.941742
314.904728,149.027258
315.031757,149.027258
315.158786,149.112774
315.285815,149.112774
315.412844,149.112774
315.539873,149.112774
315.666902,149.112774
315.793931,149.112774
315.920960,149.112774
316.047989,149.112774
316.175018,149.112774
316.302047,149.112774
316.429076,148.941742
316.556104,148.941742
316.683133,144.537680
316.810162,144.537680
316.937191,144.494923
317.064220,144.494923
317.191249,143.554249
317.318278,143.554249
317.445307,143.554249
317.572336,143.554249
317.699365,143.297702
317.826394,143.297702
317.953423,143.297702
318.080452,143.297702
318.207481,143.297702
318.334510,143.297702
318.461538,143.297702
318.588567,143.297702
318.715596,143.468733
318.842625,143.468733
318.969654,143.554249
319.096683,143.554249
319.223712,143.554249
319.350741,143.554249
319.477770,143.981828
319.604799,143.981828
319.731828,144.067344
319.858857,144.067344
319.985886,144.537680
320.112915,144.537680
320.239944,144.537680
320.366972,144.537680
320.494001,144.537680
320.621030,144.537680
320.748059,144.537680
320.875088,144.537680
321.002117,144.537680
321.129146,144.537680
321.764291,146.889364
321.891320,146.889364
322.018349,147.060396
322.145378,147.060396
322.272406,147.060396
322.399435,147.060396
322.526464,147.060396
322.653493,147.060396
322.780522,147.060396
322.907551,147.060396
323.034580,147.060396
323.161609,147.060396
323.288638,147.316943
323.415667,147.316943
323.542696,147.316943
323.669725,147.316943
323.796754,147.316943
323.923783,147.316943
324.050812,147.316943
324.177841,147.316943
324.304869,147.316943
324.431898,147.316943
324.558927,147.231427
324.685956,147.231427
326.591390,146.461785
326.718419,146.461785
326.845448,146.547301
326.972477,146.547301
327.099506,146.547301
327.226535,146.547301
327.353564,146.547301
327.480593,146.547301
327.607622,146.547301
331.672548,148.599679
331.799577,148.599679
331.926606,148.599679
332.053634,148.599679
332.180663,148.599679
332.307692,148.599679
332.434721,148.599679
332.561750,148.599679
332.688779,149.283805
332.815808,149.283805
332.942837,149.369321
333.069866,149.369321
333.196895,149.369321
333.323924,149.369321
333.450953,149.369321
333.577982,149.369321
333.705011,149.369321
333.832040,149.369321
333.959068,149.583111
334.086097,149.583111
334.213126,149.583111
334.340155,149.583111
334.467184,149.583111
334.594213,149.583111
334.721242,149.583111
334.848271,149.583111
334.975300,149.583111
335.102329,149.583111
335.229358,149.583111
335.356387,149.583111
335.483416,149.540353
335.610445,149.540353
335.737474,147.659006
335.864502,147.659006
335.991531,147.659006
336.118560,147.659006
336.245589,147.573490
336.372618,147.573490
336.499647,147.060396
336.626676,147.060396
336.753705,146.376269
336.880734,146.376269
337.007763,146.376269
337.134792,146.376269
337.261821,146.290754
337.388850,146.290754
337.515879,144.409407
337.642908,144.409407
337.769936,144.409407
337.896965,144.409407
338.023994,143.041154
338.151023,143.041154
338.278052,143.041154
338.405081,143.041154
339.040226,142.955639
339.167255,142.955639
339.294284,143.041154
339.421313,143.041154
339.548342,143.041154
339.675371,143.041154
339.802399,143.041154
339.929428,143.041154
340.056457,143.041154
340.183486,143.041154
340.310515,143.041154
340.437544,143.041154
340.564573,142.357028
340.691602,142.357028
340.818631,142.271513
340.945660,142.271513
341.072689,142.271513
341.199718,142.271513
341.326747,142.271513
341.453776,142.271513
341.580805,142.271513
341.707833,142.271513
341.834862,141.587386
341.961891,141.587386
342.088920,141.501871
342.215949,141.501871
342.342978,139.192945
342.470007,139.192945
342.597036,137.226082
342.724065,137.226082
342.851094,134.361304
342.978123,134.361304
343.105152,134.361304
343.232181,134.361304
343.359210,134.361304
343.486239,134.361304
343.613267,133.377873
343.740296,133.377873
343.867325,131.325494
343.994354,131.325494
344.121383,131.325494
344.248412,131.325494
344.375441,128.845537
344.502470,128.845537
344.629499,127.391769
344.756528,127.391769
344.883557,127.391769
345.010586,127.391769
345.137615,126.878675
345.264644,126.878675
345.391673,126.109033
345.518701,126.151790
345.645730,126.451096
345.772759,126.493854
345.899788,126.493854
346.026817,126.493854
346.153846,126.493854
346.280875,126.493854
346.407904,126.493854
346.534933,126.493854
347.043049,126.664885
347.170078,129.273116
347.297107,129.273116
347.424135,129.273116
347.551164,129.273116
347.678193,129.273116
347.805222,129.273116
347.932251,129.273116
348.059280,129.273116
348.186309,129.273116
348.313338,129.273116
348.440367,129.273116
348.567396,129.273116
348.694425,129.273116
348.821454,129.273116
348.948483,129.273116
349.075512,129.273116
349.202541,138.423303
349.329570,138.423303
349.456598,138.508819
349.583627,138.508819
349.710656,138.508819
349.837685,138.508819
349.964714,138.508819
350.091743,138.508819
350.218772,138.508819
350.345801,138.508819
350.472830,138.423303
350.599859,138.423303
350.853917,132.693747
350.980946,132.608231
351.107975,132.608231
351.489061,129.273116
351.616090,129.273116
351.743119,129.273116
351.870148,129.273116
351.997177,129.273116
352.124206,129.273116
352.251235,129.273116
352.378264,129.273116
352.505293,129.273116
352.632322,129.273116
352.759351,129.273116
352.886380,129.273116
353.013409,129.273116
353.140438,129.273116
353.267466,129.273116
353.394495,129.273116
353.521524,129.273116
353.648553,129.273116
353.775582,129.273116
353.902611,129.273116
354.029640,129.273116
354.156669,129.273116
354.283698,128.588990
354.410727,128.588990
354.537756,128.588990
354.664785,128.588990
354.791814,126.664885
354.918843,126.664885
355.045872,126.664885
355.172900,126.664885
355.299929,126.664885
355.426958,126.622127
355.553987,126.579369
355.681016,126.536611
355.808045,126.493854
355.935074,126.493854
356.062103,128.246927
356.189132,128.289685
356.316161,129.273116
356.443190,129.273116
356.570219,129.273116
356.697248,129.273116
356.824277,131.154463
356.951306,131.197221
357.078335,132.351684
357.205363,132.351684
357.332392,132.351684
357.459421,132.351684
357.586450,134.361304
357.713479,134.361304
357.840508,134.361304
357.967537,134.361304
358.094566,136.285409
358.221595,136.328167
358.348624,136.456440
358.475653,136.456440
358.602682,136.456440
358.729711,136.456440
358.856740,136.456440
358.983769,136.456440
359.110797,136.456440
359.237826,136.499198
359.364855,136.627472
359.491884,136.670230
359.618913,136.712988
359.745942,136.712988
359.872971,136.712988
360.000000,136.712988
360.127029,136.712988
360.254058,136.712988
360.381087,136.712988
360.508116,136.712988
360.635145,136.627472
360.762174,136.627472
360.889203,134.361304
361.016231,134.361304
361.143260,134.361304
361.270289,134.361304
361.397318,134.361304
361.524347,134.361304
361.651376,134.361304
361.778405,134.361304
361.905434,134.361304
362.032463,134.361304
362.159492,134.361304
362.286521,134.361304
362.413550,136.370925
362.540579,136.413683
362.667608,136.456440
362.794637,136.456440
362.921665,138.081240
363.048694,138.123998
363.175723,138.679850
363.302752,138.722608
363.429781,138.765366
363.556810,138.808124
363.683839,139.321219
363.810868,139.321219
363.937897,141.159808
364.064926,141.159808
364.191955,141.159808
364.318984,141.159808
364.446013,141.159808
364.573042,141.159808
364.700071,142.699091
364.827100,142.699091
364.954128,143.041154
365.081157,143.041154
365.208186,143.041154
365.335215,143.041154
365.462244,143.041154
365.589273,143.041154
365.716302,143.041154
365.843331,143.041154
365.970360,143.041154
366.097389,143.041154
366.224418,142.955639
366.351447,142.955639
366.478476,143.041154
366.605505,143.041154
366.732534,143.041154
366.859562,143.041154
366.986591,143.041154
367.113620,143.041154
367.240649,143.041154
367.367678,143.041154
367.494707,143.041154
367.621736,143.041154
367.875794,142.143239
368.002823,142.528060
368.129852,142.528060
368.256881,142.528060
368.383910,142.528060
368.510939,142.528060
368.637968,142.528060
368.764996,142.528060
368.892025,142.570818
369.019054,142.613576
369.146083,142.656334
369.273112,142.784607
369.400141,142.827365
369.527170,143.297702
369.654199,143.297702
369.781228,143.297702
369.908257,143.297702
370.035286,143.810796
370.162315,143.810796
370.289344,143.810796
370.416373,143.810796
370.543402,144.238375
370.670430,144.238375
370.797459,144.323891
370.924488,144.323891
371.051517,144.323891
371.178546,144.323891
371.305575,144.323891
371.432604,144.323891
371.559633,144.323891
371.686662,144.323891
371.813691,144.323891
371.940720,144.323891
372.067749,144.323891
372.194778,144.323891
372.321807,144.323891
372.448836,144.323891
372.575865,144.323891
372.702893,144.323891
372.829922,144.238375
372.956951,144.238375
373.083980,143.041154
373.211009,143.041154
373.338038,143.041154
373.465067,143.041154
373.592096,143.041154
373.719125,143.041154
373.846154,142.570818
373.973183,142.528060
374.100212,141.544629
374.227241,141.501871
374.354270,141.373597
374.481299,141.330839
376.894848,141.801176
377.021877,141.801176
377.148906,142.570818
377.275935,142.570818
377.402964,142.570818
377.529993,142.570818
377.657022,142.570818
377.784051,142.570818
377.911080,142.570818
378.038109,142.570818
378.165138,143.083912
378.292167,143.083912
378.419195,143.083912
378.546224,143.083912
378.673253,143.083912
378.800282,143.083912
378.927311,143.083912
379.054340,143.083912
379.181369,142.998397
379.308398,142.998397
379.943543,139.321219
380.070572,139.321219
380.197601,139.321219
380.324629,139.321219
380.451658,139.321219
380.578687,139.321219
380.705716,139.321219
380.832745,139.321219
380.959774,138.893640
381.086803,138.893640
381.213832,138.808124
381.340861,138.808124
381.467890,138.808124
381.594919,138.808124
381.721948,138.808124
381.848977,138.808124
381.976006,138.808124
382.103035,138.808124
382.230064,138.808124
382.357092,138.808124
382.484121,138.637092
382.611150,138.637092
382.738179,139.235703
382.865208,139.235703
382.992237,139.235703
383.119266,139.235703
383.246295,139.235703
383.373324,139.235703
383.500353,139.235703
387.565279,142.314270
387.692308,142.314270
387.819337,142.314270
387.946366,142.314270
388.073394,142.314270
388.200423,142.314270
388.327452,142.314270
388.454481,142.314270
388.581510,142.314270
388.708539,142.314270
388.835568,142.057723
388.962597,142.057723
389.089626,142.314270
389.216655,142.314270
389.343684,142.998397
389.470713,142.998397
389.597742,143.083912
389.724771,143.083912
389.851800,143.083912
389.978829,143.083912
390.105857,144.537680
390.232886,144.537680
390.359915,146.590059
390.486944,146.590059
390.613973,146.590059
390.741002,146.590059
390.868031,146.590059
390.995060,146.590059
391.122089,146.590059
391.249118,146.590059
391.376147,146.590059
391.503176,146.590059
391.630205,144.281133
391.757234,144.281133
391.884263,144.366649
392.011291,144.366649
392.138320,144.366649
392.265349,144.366649
392.392378,144.366649
392.519407,144.366649
392.646436,144.452165
392.773465,144.452165
392.900494,144.537680
393.027523,144.537680
393.154552,144.537680
393.281581,144.537680
393.408610,144.537680
393.535639,144.537680
393.662668,144.537680
393.789697,144.537680
394.170783,146.504543
394.297812,146.504543
394.424841,147.616248
394.551870,147.616248
394.678899,147.616248
394.805928,147.616248
394.932957,147.616248
395.059986,147.616248
395.187015,147.616248
395.314044,147.616248
395.441073,147.616248
395.568102,147.616248
395.695131,146.333511
395.822159,146.333511
395.949188,146.333511
396.076217,146.333511
396.203246,146.419027
396.330275,146.419027
396.457304,146.590059
396.584333,146.590059
396.711362,146.590059
396.838391,146.590059
396.965420,146.590059
397.092449,146.590059
397.219478,146.590059
397.346507,146.590059
397.473536,147.530732
397.600565,147.530732
397.727594,147.616248
397.854622,147.616248
397.981651,147.616248
398.108680,147.616248
398.235709,147.616248
398.362738,147.616248
398.489767,148.129343
398.616796,148.129343
398.743825,148.129343
398.870854,148.129343
398.997883,148.556921
399.124912,148.556921
399.251941,148.642437
399.378970,148.642437
399.505999,148.642437
399.633028,148.642437
399.760056,148.642437
399.887085,148.642437
400.014114,148.642437
400.141143,148.642437
400.268172,149.583111
400.395201,149.583111
400.522230,149.583111
400.649259,149.583111
400.776288,149.583111
400.903317,149.583111
401.030346,149.583111
401.157375,149.583111
401.284404,149.583111
401.411433,149.583111
401.538462,149.583111
401.665490,149.583111
401.792519,149.583111
401.919548,149.583111
402.046577,149.583111
402.173606,149.583111
402.300635,149.412079
402.427664,149.412079
402.554693,149.326563
402.681722,149.326563
402.808751,149.412079
402.935780,149.412079
403.062809,149.583111
403.189838,149.583111
403.316867,149.583111
403.443896,149.583111
403.570924,149.583111
403.697953,149.583111
403.824982,149.583111
403.952011,149.583111
404.079040,149.583111
404.206069,149.583111
404.333098,149.583111
404.460127,149.583111
404.587156,149.412079
404.714185,149.412079
404.841214,149.412079
404.968243,149.412079
405.095272,149.412079
405.222301,149.412079
405.349330,149.412079
405.476359,149.412079
405.603387,149.412079
405.730416,149.412079
406.111503,149.583111
406.238532,149.583111
406.365561,149.583111
406.492590,149.583111
406.619619,149.583111
406.746648,149.583111
406.873677,149.583111
407.000706,149.583111
407.127735,149.583111
407.254764,149.583111
407.381793,152.063068
407.508821,152.063068
407.635850,152.148584
407.762879,152.148584
407.889908,154.500267
408.016937,154.500267
408.143966,154.500267
408.270995,154.500267
408.398024,154.500267
408.525053,154.500267
408.652082,154.500267
408.779111,154.500267
408.906140,154.500267
409.033169,154.500267
409.160198,154.500267
409.287227,154.500267
409.414255,152.405131
409.541284,152.405131
409.668313,152.405131
409.795342,152.405131
409.922371,152.405131
410.049400,152.405131
410.176429,152.405131
410.303458,152.405131
410.430487,152.319615
410.557516,152.319615
410.684545,149.583111
410.811574,149.583111
410.938603,149.583111
411.065632,149.583111
411.192661,149.412079
411.319689,149.412079
411.446718,148.385890
411.573747,148.385890
411.700776,148.556921
411.827805,148.556921
411.954834,148.556921
412.081863,148.556921
412.208892,148.556921
412.335921,148.556921
412.462950,148.556921
412.589979,148.556921
412.717008,148.471406
412.844037,148.471406
412.971066,148.300374
413.098095,148.300374
413.225124,148.129343
413.352152,148.129343
413.479181,148.129343
413.606210,148.129343
413.733239,147.872795
413.860268,147.872795
413.987297,146.846606
414.114326,146.846606
414.241355,146.846606
414.368384,146.846606
414.495413,146.846606
414.622442,146.846606
414.749471,146.333511
414.876500,146.333511
415.003529,144.537680
415.130558,144.537680
415.257586,144.537680
415.384615,144.537680
415.511644,144.537680
415.638673,144.537680
415.765702,144.537680
415.892731,144.537680
416.019760,144.537680
416.146789,144.537680
416.273818,144.537680
416.400847,144.537680
416.527876,144.452165
416.654905,144.452165
416.781934,143.340460
416.908963,143.340460
417.035992,143.254944
417.163020,143.254944
417.290049,142.827365
417.417078,142.827365
417.544107,142.827365
417.671136,142.827365
417.798165,142.827365
417.925194,142.827365
418.052223,142.741849
418.179252,142.741849
418.306281,142.314270
418.433310,142.314270
418.560339,142.057723
418.687368,142.057723
418.814397,141.630144
418.941426,141.630144
419.068454,142.057723
419.195483,142.057723
419.322512,142.485302
419.449541,142.485302
419.576570,142.570818
419.703599,142.570818
419.830628,142.570818
419.957657,142.570818
420.084686,142.570818
420.211715,142.570818
420.338744,142.570818
420.465773,142.570818
420.592802,142.570818
420.719831,142.570818
420.846860,143.083912
420.973888,143.083912
421.100917,143.083912
421.227946,143.083912
421.354975,143.340460
421.482004,143.340460
421.609033,143.597007
421.736062,143.597007
421.863091,144.537680
421.990120,144.537680
422.117149,144.537680
422.244178,144.537680
422.371207,144.537680
422.498236,144.537680
422.625265,144.537680
422.752294,144.537680
422.879323,144.537680
423.006351,144.537680
423.133380,144.537680
423.260409,144.537680
423.387438,144.537680
423.514467,144.537680
423.641496,144.537680
423.768525,144.537680
424.911785,144.537680
425.038814,144.537680
425.165843,144.537680
425.292872,144.537680
425.419901,144.537680
425.546930,144.537680
425.673959,144.537680
425.800988,144.537680
425.928017,146.333511
426.055046,146.333511
426.182075,146.419027
426.309104,146.419027
426.436133,146.419027
426.563162,146.419027
426.690191,146.419027
426.817219,146.419027
426.944248,146.419027
427.071277,146.419027
427.198306,146.504543
427.325335,146.504543
427.452364,146.590059
427.579393,146.590059
427.706422,147.188669
427.833451,147.188669
427.960480,147.274185
428.087509,147.274185
428.214538,147.274185
428.341567,147.274185
428.468596,147.274185
428.595625,147.274185
428.722653,147.274185
428.849682,147.274185
428.976711,147.274185
429.103740,147.274185
429.230769,147.274185
429.357798,147.274185
429.484827,146.932122
429.611856,146.932122
429.738885,146.846606
429.865914,146.846606
429.992943,146.846606
430.119972,146.846606
430.247001,146.846606
430.374030,146.846606
430.501059,146.761090
430.628088,146.761090
430.755116,146.419027
430.882145,146.419027
431.009174,146.247996
431.136203,146.247996
431.263232,144.537680
431.390261,144.537680
431.517290,144.537680
431.644319,144.537680
431.771348,144.537680
431.898377,144.537680
432.025406,144.537680
432.152435,144.537680
432.279464,144.537680
432.406493,144.537680
433.295695,144.537680
433.422724,144.537680
433.549753,144.537680
433.676782,144.537680
433.803811,144.537680
433.930840,144.537680
434.057869,144.537680
434.184898,144.537680
434.311927,144.537680
434.438956,144.537680
434.565984,144.537680
434.693013,144.537680
434.820042,144.537680
434.947071,144.537680
436.598447,146.846606
436.725476,146.846606
436.852505,146.846606
436.979534,146.846606
437.106563,146.846606
437.233592,146.846606
437.360621,146.846606
437.487650,146.846606
437.614679,146.846606
437.741708,146.846606
437.868737,146.846606
437.995766,146.846606
438.122795,146.846606
438.249824,146.846606
438.376853,146.846606
438.503881,146.846606
438.630910,146.846606
438.757939,146.846606
438.884968,146.846606
439.011997,146.846606
439.139026,146.846606
439.266055,146.846606
439.393084,146.846606
439.520113,146.846606
439.647142,146.846606
439.774171,146.846606
439.901200,146.846606
440.028229,146.846606
440.155258,146.846606
440.282287,146.846606
440.409315,146.761090
440.536344,146.761090
440.663373,146.590059
440.790402,146.590059
440.917431,146.590059
441.044460,146.590059
446.506704,146.247996
446.633733,146.247996
446.760762,146.504543
446.887791,146.504543
447.014820,146.504543
447.141849,146.504543
447.268878,146.504543
447.395907,146.504543
447.522936,147.103153
447.649965,147.103153
447.776994,147.103153
447.904023,147.103153
448.031052,148.043827
448.158080,148.043827
448.285109,148.556921
448.412138,148.556921
448.539167,148.642437
448.666196,148.642437
448.793225,148.642437
448.920254,148.642437
449.047283,148.642437
449.174312,148.642437
449.301341,148.642437
449.428370,148.642437
449.555399,148.642437
449.682428,148.642437
449.809457,149.583111
449.936486,149.583111
450.063514,149.583111
450.190543,149.583111
450.317572,149.583111
450.444601,149.583111
450.571630,149.583111
450.698659,149.583111
450.825688,149.583111
450.952717,149.583111
451.079746,149.583111
451.206775,149.583111
451.333804,149.583111
451.460833,149.583111
451.587862,148.898985
451.714891,148.898985
451.841920,148.898985
451.968948,148.898985
452.095977,148.898985
452.223006,148.898985
452.350035,148.813469
452.477064,148.813469
452.604093,146.333511
452.731122,146.333511
452.858151,146.333511
452.985180,146.333511
453.112209,146.333511
453.239238,146.333511
453.366267,146.247996
453.493296,146.247996
455.144672,146.333511
455.271701,146.333511
455.398730,146.333511
455.525759,146.333511
455.652788,146.333511
455.779817,146.333511
455.906845,146.333511
456.033874,146.333511
456.160903,146.333511
456.287932,146.333511
456.669019,147.787280
456.796048,147.787280
456.923077,147.872795
457.050106,147.872795
457.177135,147.872795
457.304164,147.872795
457.431193,147.872795
457.558222,147.872795
457.685251,147.872795
457.812279,147.872795
457.939308,147.787280
458.066337,147.787280
459.717713,146.162480
459.844742,146.162480
459.971771,146.333511
460.098800,146.333511
460.225829,146.333511
460.352858,146.333511
460.479887,146.333511
460.606916,146.333511
460.733945,146.333511
460.860974,146.333511
460.988003,146.590059
461.115032,146.590059
461.242061,147.017638
461.369090,147.017638
461.496119,147.103153
461.623147,147.103153
461.750176,147.103153
461.877205,147.103153
462.004234,147.103153
462.131263,147.103153
462.258292,147.103153
462.385321,147.103153
462.512350,147.103153
462.639379,147.103153
462.766408,147.103153
462.893437,147.103153
463.020466,147.103153
463.147495,147.103153
463.274524,147.103153
463.401553,147.103153
463.528582,147.274185
463.655610,147.274185
463.782639,147.359701
463.909668,147.359701
464.036697,147.787280
464.163726,147.787280
464.290755,147.787280
464.417784,147.787280
464.544813,147.787280
464.671842,147.787280
464.798871,147.787280
464.925900,147.787280
465.052929,147.787280
465.179958,147.787280
465.306987,147.787280
465.434016,147.787280
465.561044,147.787280
465.688073,147.787280
465.815102,147.701764
465.942131,147.701764
466.069160,147.103153
466.196189,147.103153
466.323218,147.103153
466.450247,147.103153
466.577276,147.103153
466.704305,147.103153
466.831334,146.761090
466.958363,146.761090
467.085392,146.846606
467.212421,146.846606
467.339450,146.846606
467.466478,146.846606
467.593507,146.846606
467.720536,146.846606
467.847565,146.846606
467.974594,146.846606
468.101623,146.761090
468.228652,146.761090
468.355681,146.590059
468.482710,146.590059
468.609739,146.590059
468.736768,146.590059
468.863797,146.590059
468.990826,146.590059
469.117855,148.813469
469.244884,148.813469
469.371912,149.583111
469.498941,149.583111
469.625970,153.687867
469.752999,153.687867
469.880028,153.687867
470.007057,153.687867
470.134086,153.687867
470.261115,153.687867
470.388144,153.687867
470.515173,153.687867
470.642202,153.687867
470.769231,153.687867
470.896260,153.602352
471.023289,153.602352
471.150318,149.583111
471.277347,149.583111
471.404375,149.583111
471.531404,149.583111
471.658433,149.583111
471.785462,149.583111
471.912491,149.583111
472.039520,149.583111
472.166549,149.583111
472.293578,149.583111
472.420607,149.583111
472.547636,149.583111
472.674665,147.872795
472.801694,147.872795
472.928723,147.872795
473.055752,147.872795
473.182781,147.872795
473.309809,147.872795
473.690896,148.043827
473.817925,148.043827
473.944954,148.129343
474.071983,148.129343
474.199012,148.129343
474.326041,148.129343
474.453070,148.129343
474.580099,148.129343
474.707128,148.129343
474.834157,148.129343
474.961186,147.958311
475.088215,147.958311
475.215243,146.846606
475.342272,146.846606
475.469301,146.846606
475.596330,146.846606
475.723359,146.846606
475.850388,146.846606
475.977417,146.846606
476.104446,146.846606
476.231475,146.846606
476.358504,146.846606
476.485533,147.274185
476.612562,147.274185
476.739591,147.359701
476.866620,147.359701
476.993649,147.359701
477.120677,147.359701
477.247706,147.359701
477.374735,147.359701
477.501764,147.359701
477.628793,147.359701
477.755822,147.274185
477.882851,147.274185
478.263938,144.537680
478.390967,144.537680
478.517996,144.537680
478.645025,144.537680
478.772054,144.537680
478.899083,144.537680
479.026112,144.537680
479.153140,144.537680
479.280169,144.537680
479.407198,144.537680
479.534227,144.537680
479.661256,144.537680
479.788285,144.537680
479.915314,144.537680
480.042343,144.537680
480.169372,144.537680
480.296401,147.274185
480.423430,147.274185
480.550459,147.359701
480.677488,147.359701
480.804517,149.497595
480.931546,149.497595
481.058574,149.583111
481.185603,149.583111
481.312632,149.583111
481.439661,149.583111
481.566690,149.583111
481.693719,149.583111
481.820748,149.583111
481.947777,149.583111
482.074806,149.583111
482.201835,149.583111
482.328864,149.155532
482.455893,149.155532
482.582922,149.155532
482.709951,149.155532
482.836980,149.155532
482.964008,149.155532
483.091037,149.070016
483.218066,149.070016
483.345095,147.103153
483.472124,147.103153
483.599153,147.103153
483.726182,147.103153
483.853211,146.846606
483.980240,146.846606
484.107269,146.590059
484.234298,146.590059
484.361327,146.590059
484.488356,146.590059
484.615385,146.590059
484.742414,146.590059
484.869442,146.590059
484.996471,146.590059
485.123500,146.419027
485.250529,146.419027
485.377558,144.537680
485.504587,144.537680
485.631616,144.537680
485.758645,144.537680
485.885674,143.853554
486.012703,143.853554
486.139732,144.281133
486.266761,144.281133
486.393790,144.537680
486.520819,144.537680
486.647848,144.537680
486.774876,144.537680
486.901905,144.537680
487.028934,144.537680
487.155963,144.537680
487.282992,144.537680
487.918137,144.537680
488.045166,144.537680
488.172195,144.537680
488.299224,144.537680
488.426253,144.537680
488.553282,144.537680
488.680311,144.537680
488.807339,144.537680
488.934368,144.537680
489.061397,144.537680
489.188426,144.537680
489.315455,144.537680
489.696542,147.188669
489.823571,147.188669
489.950600,147.359701
490.077629,147.359701
490.204658,147.530732
490.331687,147.530732
490.458716,147.530732
490.585745,147.530732
490.712773,147.530732
490.839802,147.530732
490.966831,147.530732
491.093860,147.530732
491.220889,147.530732
491.347918,147.530732
491.474947,147.359701
491.601976,147.359701
491.729005,147.274185
491.856034,147.274185
491.983063,147.274185
492.110092,147.274185
492.237121,147.017638
492.364150,147.017638
492.491179,147.017638
492.618207,147.017638
492.745236,146.846606
492.872265,146.846606
492.999294,148.043827
493.126323,148.043827
493.253352,148.043827
493.380381,148.043827
493.507410,148.043827
493.634439,148.043827
493.761468,148.043827
493.888497,148.043827
494.015526,148.043827
494.142555,148.043827
494.269584,147.958311
494.396613,147.958311
494.523641,147.017638
494.650670,147.017638
494.777699,147.103153
494.904728,147.103153
495.031757,147.103153
495.158786,147.103153
495.285815,147.188669
495.412844,147.188669
495.539873,147.359701
495.666902,147.359701
495.793931,148.043827
495.920960,148.043827
496.047989,148.043827
496.175018,148.043827
496.302047,148.043827
496.429076,148.043827
496.556104,148.385890
496.683133,148.385890
496.810162,148.385890
496.937191,148.385890
497.064220,148.385890
497.191249,148.385890
497.318278,148.385890
497.445307,148.385890
497.572336,148.300374
497.699365,148.300374
497.953423,147.359701
498.080452,147.359701
498.207481,147.359701
503.161609,144.537680
503.288638,144.537680
503.415667,144.537680
503.542696,144.537680
503.669725,144.537680
503.796754,144.537680
503.923783,144.537680
504.050812,144.537680
504.177841,144.537680
504.304869,144.537680
504.431898,144.537680
504.558927,144.537680
504.940014,149.241048
505.067043,149.241048
505.194072,149.326563
505.321101,149.326563
505.448130,149.326563
505.575159,149.326563
505.702188,149.326563
505.829217,149.326563
505.956246,149.326563
506.083275,149.326563
506.210303,149.326563
506.337332,149.326563
506.464361,149.326563
506.591390,149.326563
506.718419,149.583111
506.845448,149.583111
506.972477,149.583111
507.099506,149.583111
507.226535,149.583111
507.353564,149.583111
507.480593,149.583111
507.607622,149.583111
507.734651,149.583111
507.861680,149.583111
507.988709,149.583111
508.115737,149.583111
508.242766,149.583111
508.369795,149.583111
508.496824,149.583111
508.623853,149.583111
508.750882,149.412079
508.877911,149.412079
509.004940,147.103153
509.131969,147.103153
509.258998,147.103153
509.386027,147.103153
509.513056,147.103153
509.640085,147.103153
509.767114,147.103153
509.894143,147.103153
510.021171,147.103153
510.148200,147.103153
510.275229,147.103153
510.402258,147.103153
510.529287,147.017638
510.656316,147.017638
512.815808,144.366649
512.942837,144.366649
513.069866,144.537680
513.196895,144.537680
513.323924,144.537680
513.450953,144.537680
513.577982,144.537680
513.705011,144.537680
513.832040,144.537680
513.959068,144.537680
514.086097,144.537680
514.213126,144.537680
514.340155,144.537680
514.467184,144.537680
514.594213,144.537680
514.721242,144.537680
514.848271,142.570818
514.975300,142.570818
515.102329,142.399786
515.229358,142.399786
515.356387,132.907536
515.483416,132.907536
515.610445,132.907536
515.737474,132.907536
515.864502,132.223410
515.991531,132.223410
516.118560,128.033137
516.245589,128.033137
516.372618,122.047034
516.499647,122.047034
516.626676,122.047034
516.753705,122.047034
516.880734,122.047034
517.007763,122.047034
517.134792,121.961518
517.261821,121.961518
517.388850,118.882950
517.515879,118.882950
517.642908,114.222341
517.769936,114.222341
517.896965,114.222341
518.023994,114.222341
518.151023,117.429182
518.278052,117.471940
518.405081,119.096740
518.532110,119.096740
518.659139,119.096740
518.786168,119.096740
518.913197,123.500802
519.040226,123.543560
519.167255,123.543560
519.294284,123.543560
519.421313,123.543560
519.548342,123.543560
519.675371,123.543560
519.802399,123.543560
519.929428,120.935329
520.056457,120.935329
520.691602,128.973811
520.818631,129.016569
520.945660,129.144842
521.072689,129.187600
521.199718,129.273116
521.326747,129.273116
521.453776,129.273116
521.580805,130.897916
521.707833,130.897916
521.834862,130.897916
521.961891,130.897916
522.088920,130.897916
522.215949,130.897916
522.342978,130.897916
522.470007,129.273116
522.597036,129.273116
522.724065,129.273116
522.851094,129.273116
522.978123,129.273116
523.105152,129.273116
523.232181,129.273116
523.359210,129.273116
523.486239,129.273116
523.613267,129.273116
523.740296,129.273116
523.867325,129.273116
523.994354,129.273116
524.121383,129.273116
524.248412,129.059327
524.375441,129.102084
524.502470,129.273116
524.629499,129.273116
524.756528,131.368252
524.883557,131.368252
525.010586,131.368252
525.137615,131.411010
525.264644,133.078568
525.391673,133.121325
525.518701,133.164083
525.645730,133.164083
525.772759,133.164083
525.899788,133.164083
526.026817,133.164083
526.153846,133.164083
526.280875,133.164083
526.407904,133.164083
526.534933,133.164083
526.661962,133.164083
526.788991,133.164083
526.916020,133.164083
527.043049,132.993052
527.170078,132.993052
527.297107,132.907536
527.424135,132.907536
527.551164,132.907536
527.678193,132.907536
527.805222,132.907536
527.932251,132.907536
528.059280,131.624800
528.186309,131.624800
528.313338,131.624800
528.440367,131.624800
528.567396,131.539284
528.694425,131.539284
528.821454,131.368252
528.948483,131.368252
529.075512,129.273116
529.202541,129.273116
529.329570,129.273116
529.456598,129.273116
529.583627,128.931053
529.710656,128.888295
529.837685,127.562801
529.964714,127.520043
530.091743,126.878675
530.218772,126.707643
530.345801,126.707643
530.472830,126.664885
530.599859,127.733832
530.726888,127.733832
530.853917,127.904864
530.980946,127.904864
531.107975,127.904864
531.235004,127.904864
531.362032,129.273116
531.489061,129.273116
531.616090,129.273116
531.743119,129.273116
531.870148,129.273116
531.997177,129.273116
532.124206,129.273116
532.251235,129.273116
532.378264,131.154463
532.505293,131.154463
532.632322,131.667557
532.759351,131.667557
532.886380,131.924105
533.013409,131.924105
533.140438,131.924105
533.267466,131.924105
533.394495,132.266168
533.521524,132.266168
533.648553,132.693747
533.775582,132.693747
533.902611,132.693747
534.029640,132.693747
534.156669,132.693747
534.283698,132.693747
534.410727,133.121325
534.537756,133.121325
534.664785,134.361304
534.791814,134.361304
534.918843,134.361304
535.045872,134.361304
535.172900,134.361304
535.299929,134.361304
535.426958,134.361304
535.553987,134.361304
535.681016,134.361304
535.808045,134.361304
535.935074,137.183324
536.062103,137.226082
536.189132,137.439872
536.316161,137.482630
536.443190,137.525387
536.570219,137.525387
536.697248,137.525387
536.824277,137.525387
536.951306,137.525387
537.078335,137.525387
537.205363,137.525387
537.332392,137.525387
537.967537,137.097809
538.094566,137.140567
538.221595,137.525387
538.348624,137.525387
538.475653,137.525387
538.602682,137.525387
538.729711,137.525387
538.856740,137.525387
538.983769,137.525387
539.110797,137.525387
539.237826,134.361304
539.364855,134.361304
539.491884,134.361304
539.618913,134.361304
539.745942,134.361304
539.872971,134.361304
540.000000,134.361304
540.127029,134.361304
540.254058,134.361304
540.381087,134.361304
540.508116,134.361304
540.635145,134.361304
540.762174,134.361304
540.889203,134.361304
541.016231,134.361304
541.143260,134.361304
541.270289,137.055051
541.397318,137.055051
541.524347,137.055051
541.651376,137.055051
541.778405,137.525387
541.905434,137.525387
542.032463,137.525387
542.159492,137.525387
542.286521,137.525387
542.413550,137.525387
542.540579,137.525387
542.667608,137.525387
542.794637,137.525387
542.921665,137.525387
560.324629,139.321219
560.451658,139.321219
560.578687,139.321219
560.705716,139.321219
560.832745,139.321219
560.959774,139.321219
561.086803,139.321219
561.213832,139.321219
561.340861,139.278461
561.467890,139.278461
561.594919,139.278461
561.721948,139.278461
561.848977,139.321219
561.976006,139.321219
562.103035,139.321219
562.230064,139.321219
562.357092,139.321219
562.484121,139.321219
562.611150,139.321219
562.738179,139.321219
562.865208,139.321219
562.992237,139.321219
563.119266,139.321219
563.246295,139.321219
563.373324,139.321219
563.500353,139.321219
563.627382,139.321219
563.754411,139.321219
563.881440,139.321219
564.008469,139.321219
564.135498,139.321219
564.262526,139.321219
564.389555,139.321219
564.516584,139.321219
564.643613,139.321219
564.770642,139.321219
564.897671,139.321219
565.024700,139.321219
565.151729,139.321219
565.278758,139.321219
565.405787,139.321219
565.532816,139.321219
565.659845,139.321219
565.786874,139.321219
566.167960,141.074292
566.294989,141.074292
566.422018,141.074292
566.549047,141.074292
566.676076,141.843934
566.803105,141.843934
566.930134,141.843934
567.057163,141.843934
567.184192,142.699091
567.311221,142.699091
567.438250,142.870123
567.565279,142.870123
567.692308,143.297702
567.819337,143.297702
567.946366,143.297702
568.073394,143.297702
568.200423,143.810796
568.327452,143.810796
568.454481,143.896312
568.581510,143.896312
568.708539,143.896312
568.835568,143.896312
568.962597,143.896312
569.089626,143.896312
569.216655,143.896312
569.343684,143.896312
569.470713,144.537680
569.597742,144.537680
569.724771,144.537680
569.851800,144.537680
569.978829,144.537680
570.105857,144.537680
570.232886,144.537680
570.359915,144.537680
571.757234,146.547301
571.884263,146.547301
572.011291,146.803848
572.138320,146.803848
572.265349,146.803848
572.392378,146.803848
572.519407,146.803848
572.646436,146.803848
572.773465,146.803848
572.900494,146.803848
573.662668,146.889364
573.789697,146.889364
573.916725,146.889364
574.043754,146.889364
574.170783,146.889364
574.297812,146.889364
574.424841,146.889364
574.551870,146.889364
574.678899,146.889364
574.932957,146.376269
575.059986,146.376269
575.187015,146.376269
575.314044,146.376269
575.441073,146.376269
575.568102,146.376269
575.695131,146.376269
575.822159,146.376269
575.949188,146.376269
578.108680,146.461785
578.235709,146.461785
578.362738,146.461785
578.489767,146.461785
578.616796,146.461785
578.743825,146.461785
578.870854,146.461785
578.997883,146.461785
579.124912,146.461785
579.251941,146.461785
579.378970,146.461785
579.505999,146.461785
579.633028,146.376269
579.760056,146.376269
580.903317,144.537680
581.030346,144.537680
581.157375,144.537680
581.284404,144.537680
581.411433,144.537680
581.538462,144.537680
581.665490,144.537680
581.792519,144.537680
581.919548,144.537680
582.046577,144.537680
582.173606,144.537680
582.300635,144.537680
582.427664,144.537680
582.554693,144.537680
582.681722,144.537680
582.808751,144.537680
582.935780,144.537680
583.062809,144.537680
583.189838,146.632817
583.316867,146.632817
583.443896,146.889364
583.570924,146.889364
583.697953,146.889364
583.824982,146.889364
583.952011,146.889364
584.079040,146.889364
584.206069,146.889364
584.333098,146.889364
584.460127,146.889364
584.587156,146.889364
584.714185,146.718332
584.841214,146.718332
585.476359,144.537680
585.603387,144.537680
585.730416,144.537680
585.857445,144.537680
585.984474,144.537680
586.111503,144.537680
586.238532,144.537680
586.365561,144.537680
586.492590,144.537680
586.619619,144.537680
586.746648,144.537680
586.873677,144.537680
587.000706,144.537680
587.127735,144.537680
587.254764,144.537680
587.381793,144.537680
587.508821,144.537680
587.635850,144.537680
587.762879,144.537680
587.889908,144.537680
588.016937,144.537680
588.143966,144.537680
588.270995,144.537680
588.398024,144.537680
588.525053,144.537680
588.652082,144.537680
588.779111,144.537680
588.906140,144.537680
589.033169,144.537680
589.160198,144.537680
589.287227,144.537680
589.414255,144.537680
589.541284,144.537680
589.668313,144.537680
589.795342,144.537680
589.922371,144.537680
590.049400,144.537680
590.176429,144.537680
590.303458,144.537680
590.430487,144.537680
590.557516,144.537680
590.684545,144.537680
590.811574,144.537680
590.938603,144.537680
591.065632,144.537680
591.192661,144.537680
591.319689,144.537680
591.446718,144.537680
591.573747,144.537680
591.700776,144.537680
591.827805,144.537680
591.954834,144.537680
592.081863,144.537680
592.208892,144.537680
592.335921,144.537680
592.462950,144.537680
592.589979,143.554249
592.717008,143.554249
592.844037,142.357028
592.971066,142.357028
593.098095,142.357028
593.225124,142.357028
593.352152,142.870123
593.479181,142.870123
593.606210,142.870123
593.733239,142.870123
593.860268,142.870123
593.987297,142.870123
594.114326,142.870123
594.241355,142.870123
594.368384,142.870123
594.495413,142.870123
594.622442,142.870123
594.749471,142.870123
594.876500,142.870123
595.003529,142.870123
595.130558,142.870123
595.257586,142.870123
595.384615,142.870123
595.511644,142.870123
595.638673,142.955639
595.765702,142.955639
595.892731,143.383218
596.019760,143.383218
596.146789,143.554249
596.273818,143.554249
596.400847,143.639765
596.527876,143.639765
596.654905,143.639765
596.781934,143.639765
596.908963,143.639765
597.035992,143.639765
597.163020,143.639765
597.290049,143.639765
597.417078,144.152859
597.544107,144.152859
597.671136,144.409407
597.798165,144.409407
597.925194,144.537680
598.052223,144.537680
598.179252,144.537680
598.306281,144.537680
598.433310,144.537680
598.560339,144.537680
598.687368,144.537680
598.814397,144.537680
598.941426,144.537680
599.068454,144.537680
599.195483,144.494923
599.322512,144.494923
599.449541,142.185997
599.576570,142.185997
599.703599,142.185997
599.830628,142.185997
599.957657,142.100481
600.084686,142.100481
600.211715,142.100481
600.338744,142.100481
600.465773,142.100481
600.592802,142.100481
600.719831,142.100481
600.846860,142.100481
600.973888,142.100481
601.100917,142.100481
603.514467,142.100481
603.641496,142.100481
603.768525,142.100481
603.895554,142.100481
604.022583,142.100481
604.149612,142.100481
604.276641,142.100481
604.403670,142.100481
604.530699,142.100481
604.657728,142.100481
604.784757,142.014965
604.911785,142.014965
605.038814,141.245323
605.165843,141.245323
605.292872,141.587386
605.419901,141.587386
605.546930,141.587386
605.673959,141.587386
605.800988,141.587386
605.928017,141.587386
606.055046,141.587386
606.182075,141.587386
606.309104,141.587386
606.436133,141.587386
606.563162,142.014965
606.690191,142.014965
606.817219,143.041154
606.944248,143.041154
607.071277,143.126670
607.198306,143.126670
607.325335,143.126670
607.452364,143.126670
607.579393,143.126670
607.706422,143.126670
607.833451,143.126670
607.960480,143.126670
608.087509,143.126670
608.214538,143.126670
608.341567,143.126670
608.468596,143.126670
608.595625,143.126670
608.722653,143.126670
608.849682,142.955639
608.976711,142.955639
609.103740,142.357028
609.230769,142.357028
609.357798,142.357028
609.484827,142.357028
609.611856,142.357028
609.738885,142.357028
609.865914,142.357028
609.992943,142.357028
610.119972,142.442544
610.247001,142.442544
610.374030,142.870123
610.501059,142.870123
610.628088,142.870123
610.755116,142.870123
610.882145,142.870123
611.009174,142.870123
611.136203,142.870123
611.263232,142.870123
611.390261,142.870123
611.517290,142.870123
611.644319,142.784607
611.771348,142.784607
611.898377,141.843934
612.025406,141.843934
612.152435,141.843934
612.279464,141.843934
612.406493,143.468733
612.533522,143.468733
612.660550,143.896312
612.787579,143.896312
612.914608,143.896312
613.041637,143.896312
613.168666,143.896312
613.295695,143.896312
613.422724,143.896312
617.487650,139.107429
617.614679,139.107429
617.741708,139.107429
617.868737,139.107429
617.995766,139.107429
618.122795,139.107429
618.249824,139.107429
618.376853,139.107429
618.503881,139.107429
618.630910,139.107429
618.757939,139.107429
618.884968,139.107429
619.011997,139.107429
619.139026,139.107429
619.266055,139.107429
619.393084,139.107429
619.520113,139.021913
619.647142,139.021913
619.774171,138.594335
619.901200,138.594335
620.028229,138.594335
620.155258,138.594335
620.282287,137.824693
620.409315,137.824693
620.536344,134.361304
620.663373,134.361304
620.790402,134.361304
620.917431,134.361304
621.044460,134.361304
621.171489,134.361304
622.314749,134.361304
622.441778,134.361304
622.568807,134.361304
622.695836,134.361304
622.822865,134.361304
622.949894,134.361304
623.076923,134.361304
623.203952,134.361304
623.330981,134.361304
623.458010,134.361304
623.585039,129.273116
623.712068,129.273116
623.839097,129.273116
623.966126,129.273116
624.093155,129.187600
624.220183,129.187600
625.617502,126.707643
625.744531,126.707643
625.871560,126.793159
625.998589,126.793159
626.125618,127.135222
626.252646,127.135222
626.379675,127.135222
626.506704,127.135222
626.633733,127.135222
626.760762,127.135222
626.887791,127.135222
627.014820,127.135222
627.904023,127.562801
628.031052,127.562801
628.158080,127.733832
628.285109,127.733832
628.412138,127.733832
628.539167,127.733832
628.666196,129.273116
628.793225,129.273116
628.920254,129.273116
629.047283,129.273116
629.174312,131.582042
629.301341,131.582042
629.428370,131.753073
629.555399,131.753073
629.682428,131.753073
629.809457,131.753073
629.936486,131.753073
630.063514,131.753073
630.190543,131.753073
630.317572,131.753073
630.444601,131.753073
630.571630,131.753073
630.698659,131.753073
630.825688,131.753073
630.952717,131.753073
631.079746,131.753073
631.206775,131.753073
631.333804,131.753073
631.460833,131.753073
631.587862,131.753073
631.714891,132.693747
631.841920,132.693747
631.968948,132.779262
632.095977,132.779262
632.223006,133.121325
632.350035,133.121325
632.477064,133.548904
632.604093,133.548904
632.731122,133.548904
632.858151,133.548904
632.985180,133.548904
633.112209,133.548904
633.239238,133.634420
633.366267,133.634420
633.493296,133.805452
633.620325,133.805452
633.747354,133.805452
633.874382,133.805452
634.001411,133.805452
634.128440,133.805452
634.255469,133.805452
634.382498,133.805452
634.509527,133.805452
634.636556,133.805452
634.763585,133.719936
634.890614,133.719936
635.017643,132.779262
635.144672,132.779262
635.271701,132.351684
635.398730,132.351684
635.525759,132.266168
635.652788,132.266168
635.779817,132.266168
635.906845,132.266168
636.033874,131.239979
636.160903,131.239979
636.287932,131.154463
636.414961,131.154463
636.541990,131.239979
636.669019,131.239979
636.796048,133.463389
636.923077,133.463389
637.050106,133.548904
637.177135,133.548904
637.304164,133.890967
637.431193,133.890967
637.558222,133.976483
637.685251,133.976483
637.812279,133.976483
637.939308,133.976483
638.066337,133.976483
638.193366,133.976483
638.320395,133.976483
638.447424,133.976483
638.574453,133.976483
638.701482,133.976483
638.828511,133.976483
638.955540,133.976483
639.082569,133.976483
639.209598,133.976483
639.336627,133.976483
639.463656,133.976483
639.590685,133.976483
639.717713,133.976483
639.844742,133.976483
639.971771,133.976483
640.098800,133.976483
640.225829,133.976483
640.352858,133.463389
640.479887,133.463389
640.606916,132.864778
640.733945,132.864778
640.860974,132.608231
640.988003,132.608231
641.115032,131.582042
641.242061,131.582042
641.369090,131.411010
641.496119,131.411010
641.877205,129.273116
642.004234,129.273116
642.131263,131.753073
642.258292,131.753073
642.385321,132.266168
642.512350,132.266168
642.639379,132.266168
642.766408,132.266168
642.893437,132.266168
643.020466,132.266168
643.147495,132.864778
643.274524,132.864778
643.401553,132.864778
643.528582,132.864778
643.655610,132.864778
643.782639,132.864778
643.909668,132.864778
644.036697,132.864778
644.925900,136.627472
645.052929,136.627472
645.179958,136.627472
645.434016,138.765366
645.561044,138.765366
645.688073,138.850882
645.815102,138.850882
645.942131,138.850882
646.069160,138.850882
646.196189,138.936398
646.323218,138.936398
646.450247,142.613576
646.577276,142.613576
646.704305,142.613576
646.831334,142.613576
646.958363,142.613576
647.085392,142.613576
647.212421,142.613576
647.339450,142.613576
647.466478,142.613576
647.593507,142.613576
647.720536,141.843934
647.847565,141.843934
647.974594,141.330839
648.101623,141.330839
648.228652,141.330839
648.355681,141.330839
648.482710,141.330839
648.609739,141.330839
648.736768,138.850882
648.863797,138.850882
648.990826,138.850882
649.117855,138.850882
649.244884,138.850882
649.371912,138.850882
649.498941,137.824693
649.625970,137.824693
649.752999,136.712988
649.880028,136.712988
650.261115,137.653661
650.388144,137.653661
650.515173,137.824693
650.642202,137.824693
650.769231,137.824693
650.896260,137.824693
651.023289,137.824693
651.150318,137.824693
651.277347,137.824693
651.404375,137.824693
651.531404,137.910208
651.658433,137.910208
651.785462,138.081240
651.912491,138.081240
652.039520,138.081240
652.166549,138.081240
652.293578,138.081240
652.420607,138.081240
652.547636,138.081240
652.674665,138.081240
652.801694,138.936398
652.928723,138.936398
653.055752,139.107429
653.182781,139.107429
653.309809,139.107429
653.436838,139.107429
653.563867,139.107429
653.690896,139.107429
653.817925,139.107429
653.944954,139.107429
654.071983,139.107429
654.199012,139.107429
654.326041,139.021913
654.453070,139.021913
654.580099,139.321219
654.707128,139.321219
654.834157,139.321219
654.961186,139.321219
655.088215,139.321219
655.215243,139.321219
655.342272,139.321219
655.469301,139.321219
655.850388,142.185997
655.977417,142.185997
656.104446,142.185997
656.231475,142.185997
656.358504,142.185997
656.485533,142.185997
656.612562,142.185997
656.739591,142.185997
656.866620,142.100481
656.993649,142.100481
657.120677,141.929449
657.247706,141.929449
657.374735,139.321219
657.501764,139.321219
657.628793,139.321219
657.755822,139.321219
657.882851,139.107429
658.009880,139.107429
658.136909,138.936398
658.263938,138.936398
658.390967,134.361304
658.517996,134.361304
658.645025,134.361304
658.772054,134.361304
658.899083,132.266168
659.026112,132.266168
659.153140,132.266168
659.280169,132.266168
659.407198,132.095136
659.534227,132.095136
659.661256,129.273116
659.788285,129.273116
659.915314,127.477285
660.042343,127.520043
660.169372,128.075895
660.296401,128.118653
660.423430,128.845537
660.550459,128.888295
660.677488,130.983431
660.804517,131.026189
660.931546,131.753073
661.058574,131.795831
661.185603,134.233030
661.312632,134.233030
661.439661,134.318546
661.566690,134.318546
661.693719,136.456440
661.820748,136.456440
661.947777,136.541956
662.074806,136.541956
662.201835,136.627472
662.328864,136.627472
662.455893,137.995724
662.582922,137.995724
662.709951,138.081240
662.836980,138.081240
662.964008,138.081240
663.091037,138.081240
663.218066,138.594335
663.345095,138.594335
663.472124,139.321219
663.599153,139.321219
663.726182,139.321219
663.853211,139.321219
663.980240,142.100481
664.107269,142.100481
664.234298,142.100481
664.361327,142.100481
664.488356,142.100481
664.615385,142.100481
664.742414,142.100481
664.869442,142.100481
664.996471,142.100481
665.123500,142.100481
665.250529,142.100481
665.377558,142.100481
665.504587,142.014965
665.631616,142.014965
666.012703,141.758418
666.139732,141.758418
666.266761,141.758418
666.393790,141.758418
666.520819,141.758418
666.647848,141.758418
666.774876,141.758418
666.901905,141.758418
667.028934,141.758418
667.155963,141.758418
667.282992,141.330839
667.410021,141.330839
667.537050,141.245323
667.664079,141.245323
667.791108,141.245323
667.918137,141.245323
668.045166,142.613576
668.172195,142.613576
668.299224,142.613576
668.426253,142.613576
668.553282,142.613576
668.680311,142.613576
668.807339,142.613576
668.934368,142.613576
669.061397,142.613576
669.188426,142.613576
669.569513,142.613576
669.696542,142.613576
669.823571,142.613576
669.950600,142.613576
670.077629,143.383218
670.204658,143.383218
670.331687,143.383218
670.458716,143.383218
670.585745,143.383218
670.712773,143.383218
670.839802,143.383218
670.966831,143.383218
671.093860,143.383218
671.220889,143.383218
671.347918,143.383218
671.474947,143.383218
671.601976,143.212186
671.729005,143.212186
675.920960,144.537680
676.047989,144.537680
676.175018,144.537680
676.302047,144.537680
676.429076,144.537680
676.556104,144.537680
676.683133,144.537680
676.810162,144.537680
677.699365,144.537680
677.826394,144.537680
677.953423,144.537680
678.207481,146.547301
678.334510,146.547301
678.461538,146.632817
678.588567,146.632817
678.715596,146.632817
678.842625,146.632817
678.969654,147.573490
679.096683,147.573490
679.223712,147.830037
679.350741,147.830037
679.477770,147.915553
679.604799,147.915553
679.731828,147.915553
679.858857,147.915553
679.985886,147.915553
680.112915,147.915553
680.239944,148.343132
680.366972,148.343132
680.494001,148.428648
680.621030,148.428648
680.748059,149.369321
680.875088,149.369321
681.002117,149.369321
681.129146,149.369321
681.256175,149.369321
681.383204,149.369321
681.510233,149.369321
681.637262,149.369321
681.764291,149.369321
681.891320,149.369321
682.018349,149.283805
682.145378,149.283805
682.272406,149.198290
682.399435,149.198290
682.526464,149.198290
682.653493,149.198290
682.780522,149.112774
682.907551,149.112774
683.034580,147.487974
683.161609,147.487974
683.288638,146.803848
683.415667,146.803848
683.542696,146.547301
683.669725,146.547301
683.796754,144.537680
683.923783,144.537680
684.050812,144.537680
684.177841,144.537680
684.304869,144.537680
684.431898,144.537680
684.558927,144.537680
684.685956,144.537680
684.812985,144.537680
684.940014,144.537680
685.067043,144.537680
685.194072,144.537680
685.321101,144.537680
685.448130,144.537680
685.575159,144.537680
685.702188,144.537680
685.829217,144.537680
685.956246,144.537680
686.083275,144.537680
686.210303,144.537680
686.337332,144.323891
686.464361,144.323891
686.591390,144.537680
686.718419,144.537680
686.845448,144.537680
686.972477,144.537680
687.099506,144.537680
687.226535,144.537680
687.353564,146.376269
687.480593,146.376269
687.607622,146.376269
687.734651,146.376269
687.861680,146.376269
687.988709,146.376269
688.115737,146.376269
688.242766,146.376269
688.369795,146.376269
688.496824,146.376269
688.623853,146.718332
688.750882,146.718332
688.877911,146.889364
689.004940,146.889364
689.131969,146.889364
689.258998,146.889364
689.386027,146.889364
689.513056,146.889364
689.640085,147.573490
689.767114,147.573490
689.894143,147.659006
690.021171,147.659006
690.148200,147.659006
690.275229,147.659006
690.402258,147.659006
690.529287,147.659006
690.656316,147.659006
690.783345,147.659006
690.910374,147.659006
691.037403,147.659006
691.164432,147.573490
691.291461,147.573490
692.307692,146.162480
692.434721,146.290754
692.561750,146.333511
692.688779,146.376269
692.815808,146.419027
692.942837,147.145911
693.069866,147.616248
693.196895,148.086585
693.323924,148.086585
693.450953,148.086585
693.577982,148.086585
693.705011,148.086585
693.832040,148.086585
693.959068,148.086585
694.086097,148.086585
694.213126,148.086585
694.340155,148.086585
694.467184,148.086585
694.594213,148.086585
694.721242,147.915553
694.848271,147.915553
694.975300,146.547301
695.102329,146.547301
695.229358,146.547301
695.356387,146.590059
695.483416,146.718332
695.610445,146.761090
695.737474,146.761090
695.864502,146.761090
695.991531,146.761090
696.118560,146.761090
696.245589,146.761090
696.372618,146.761090
696.880734,146.932122
697.007763,147.316943
697.261821,148.514164
697.388850,148.556921
697.515879,148.599679
697.642908,148.599679
697.769936,148.599679
697.896965,148.599679
698.023994,148.599679
698.151023,148.599679
698.278052,148.599679
698.405081,148.599679
698.532110,148.599679
698.659139,148.599679
698.786168,148.086585
698.913197,148.086585
699.040226,148.086585
699.167255,148.086585
699.294284,147.915553
699.421313,147.958311
699.548342,148.343132
699.675371,148.343132
699.802399,148.343132
699.929428,148.343132
700.056457,148.343132
700.183486,148.343132
700.310515,148.343132
700.437544,148.343132
700.564573,148.343132
700.691602,148.343132
700.818631,148.343132
700.945660,148.343132
701.072689,148.086585
701.199718,148.086585
701.326747,148.001069
701.453776,148.001069
701.580805,146.803848
701.707833,146.803848
701.834862,146.803848
701.961891,146.846606
702.088920,154.500267
702.215949,154.500267
702.342978,154.500267
702.470007,154.500267
702.597036,154.500267
702.724065,154.500267
702.851094,154.500267
702.978123,154.500267
703.105152,154.500267
703.232181,154.500267
703.359210,154.500267
703.486239,154.500267
703.613267,148.856227
703.740296,148.856227
703.867325,148.856227
703.994354,148.856227
704.121383,148.514164
704.248412,148.514164
704.375441,144.537680
704.502470,144.537680
704.629499,144.537680
704.756528,144.537680
704.883557,144.537680
705.391673,146.461785
705.518701,146.504543
705.645730,146.632817
705.772759,146.675575
705.899788,146.803848
706.026817,146.803848
706.153846,146.803848
706.280875,146.803848
706.407904,146.803848
706.534933,146.803848
706.661962,146.803848
706.788991,146.803848
706.916020,146.803848
707.043049,146.803848
707.170078,146.803848
707.297107,146.803848
707.424135,146.803848
707.551164,146.803848
707.678193,146.718332
707.805222,146.718332
707.932251,144.537680
708.059280,144.537680
708.186309,144.537680
708.313338,144.537680
708.440367,144.537680
708.567396,144.537680
708.694425,144.537680
708.821454,144.537680
708.948483,144.537680
709.075512,144.537680
709.202541,144.537680
709.329570,144.537680
709.456598,144.537680
709.583627,144.537680
709.710656,144.537680
709.837685,144.537680
709.964714,144.537680
710.091743,144.537680
710.218772,144.537680
710.345801,144.537680
710.472830,144.537680
710.599859,144.537680
710.726888,142.528060
710.853917,142.528060
710.980946,142.528060
711.107975,142.528060
711.235004,142.271513
711.362032,142.271513
711.489061,142.271513
711.616090,142.271513
711.743119,142.271513
711.870148,142.271513
711.997177,142.271513
712.124206,142.271513
712.251235,142.185997
712.378264,142.185997
712.505293,141.758418
712.632322,141.758418
712.759351,141.758418
712.886380,141.801176
713.013409,143.212186
713.140438,143.254944
713.267466,143.254944
713.394495,143.254944
713.521524,143.254944
713.648553,143.254944
713.775582,143.254944
713.902611,143.254944
714.029640,143.212186
714.156669,143.254944
714.283698,143.725281
714.410727,143.768038
714.537756,143.810796
714.664785,143.810796
714.791814,143.810796
714.918843,143.810796
715.045872,143.810796
715.172900,143.810796
715.299929,143.810796
715.426958,143.810796
715.553987,143.810796
715.681016,143.810796
715.808045,143.725281
715.935074,143.725281
716.062103,143.554249
716.189132,143.554249
716.316161,143.554249
716.443190,143.554249
716.570219,143.297702
716.697248,143.297702
716.824277,143.297702
716.951306,143.297702
717.078335,143.297702
717.205363,143.297702
717.332392,143.212186
717.459421,143.212186
717.586450,142.998397
717.713479,142.955639
717.840508,142.057723
717.967537,142.057723
718.094566,142.057723
718.221595,142.057723
718.348624,142.314270
718.475653,142.314270
718.602682,142.314270
718.729711,142.314270
718.856740,142.314270
718.983769,142.314270
719.110797,142.314270
719.237826,142.314270
719.364855,142.314270
719.491884,142.271513
719.618913,142.228755
719.745942,142.185997
720.000000,141.031534
720.127029,141.031534
720.254058,140.988776
721.397318,141.801176
721.524347,141.801176
721.651376,141.801176
721.778405,141.801176
721.905434,141.801176
722.032463,141.801176
722.159492,141.801176
722.286521,141.801176
722.413550,141.801176
722.540579,141.801176
722.667608,141.801176
722.794637,141.801176
722.921665,141.801176
723.048694,141.801176
723.175723,141.801176
723.302752,141.758418
723.429781,141.202565
723.556810,141.202565
723.683839,141.202565
723.810868,141.202565
723.937897,141.202565
724.064926,141.159808
724.191955,137.183324
724.318984,137.140567
724.446013,132.394441
724.573042,132.351684
724.700071,132.137894
724.827100,132.095136
724.954128,131.966863
725.081157,131.924105
725.208186,129.273116
725.335215,129.273116
725.462244,129.273116
725.589273,129.273116
725.716302,127.862106
725.843331,127.819348
725.970360,127.092464
726.097389,127.092464
726.224418,127.605559
726.351447,127.605559
726.478476,127.605559
726.605505,127.605559
726.732534,131.197221
726.859562,131.197221
726.986591,132.137894
727.113620,132.137894
727.240649,134.104757
727.367678,134.104757
727.494707,134.104757
727.621736,134.104757
727.748765,134.104757
727.875794,134.104757
728.002823,134.104757
728.129852,134.104757
728.256881,134.361304
728.383910,134.361304
728.510939,134.361304
728.637968,134.361304
728.764996,134.361304
728.892025,134.361304
729.019054,134.361304
733.083980,126.408338
733.211009,126.408338
733.338038,126.408338
733.465067,126.408338
733.592096,126.408338
733.719125,126.408338
733.846154,126.408338
733.973183,126.408338
734.100212,126.408338
734.227241,126.365580
734.354270,126.322822
734.481299,126.280064
734.608327,126.066275
734.735356,126.023517
734.862385,124.227686
734.989414,124.227686
735.116443,124.227686
735.243472,124.227686
735.370501,124.227686
735.497530,124.227686
735.624559,124.227686
735.751588,124.227686
735.878617,122.816676
736.005646,122.816676
736.132675,122.816676
736.259704,122.816676
736.386733,122.132549
736.513761,122.089792
736.640790,121.277392
736.767819,121.234634
736.894848,119.096740
737.021877,119.096740
737.148906,119.096740
737.275935,119.096740
737.402964,119.096740
737.529993,119.096740
737.657022,119.096740
737.784051,119.096740
737.911080,119.053982
738.038109,119.053982
738.165138,119.053982
738.292167,119.053982
738.419195,119.053982
738.546224,119.053982
738.673253,119.053982
738.800282,119.011224
738.927311,117.771245
739.054340,117.771245
739.181369,117.771245
739.308398,117.771245
739.435427,117.771245
739.562456,117.728487
739.689485,114.222341
739.816514,114.222341
739.943543,114.222341
740.070572,114.222341
740.197601,114.222341
740.324629,114.222341
740.451658,117.258151
740.578687,117.258151
740.705716,117.258151
740.832745,117.258151
740.959774,118.369856
741.086803,118.369856
741.213832,118.455371
741.340861,118.455371
741.467890,118.455371
741.594919,118.455371
741.721948,118.455371
741.848977,118.455371
741.976006,118.455371
742.103035,118.455371
742.230064,121.704971
742.357092,121.704971
742.484121,124.184928
742.611150,124.184928
742.738179,124.227686
742.865208,124.227686
742.992237,126.664885
743.119266,126.664885
743.246295,127.349011
743.373324,127.349011
743.500353,127.349011
743.627382,127.349011
743.754411,129.273116
743.881440,129.273116
744.008469,129.273116
744.135498,129.273116
744.262526,129.273116
744.389555,129.273116
744.516584,129.273116
744.643613,129.273116
744.770642,129.273116
744.897671,129.273116
745.024700,129.273116
745.151729,129.273116
745.278758,129.273116
745.405787,129.273116
745.532816,132.907536
745.659845,132.907536
745.786874,134.361304
745.913903,134.361304
746.040932,134.361304
746.167960,134.361304
746.294989,134.361304
746.422018,134.361304
746.549047,134.361304
746.676076,134.361304
746.803105,134.361304
746.930134,134.361304
747.565279,136.071619
747.692308,136.071619
747.819337,136.242651
747.946366,136.242651
748.073394,136.242651
748.200423,136.242651
748.327452,136.926777
748.454481,136.926777
748.581510,137.012293
748.708539,137.012293
748.835568,137.012293
748.962597,137.012293
749.089626,137.525387
749.216655,137.525387
749.343684,137.525387
749.470713,137.525387
749.597742,138.209514
749.724771,138.209514
749.851800,139.321219
749.978829,139.321219
750.105857,139.321219
750.232886,139.321219
750.359915,139.321219
750.486944,139.321219
750.613973,139.321219
750.741002,139.321219
750.868031,139.321219
750.995060,139.321219
751.122089,139.321219
751.249118,139.278461
751.376147,138.808124
751.503176,138.808124
751.630205,138.808124
751.757234,138.765366
751.884263,138.722608
752.011291,138.679850
752.138320,138.551577
752.265349,138.508819
752.392378,138.466061
752.519407,138.466061
752.646436,138.466061
752.773465,138.423303
752.900494,137.696419
753.027523,137.696419
753.154552,137.781935
753.281581,137.781935
753.408610,139.150187
753.535639,139.150187
753.662668,139.235703
753.789697,139.235703
753.916725,139.235703
754.043754,139.235703
754.170783,139.235703
754.297812,139.235703
754.424841,139.235703
754.551870,139.235703
754.678899,139.235703
754.805928,139.192945
754.932957,139.064671
755.059986,139.021913
755.187015,138.979156
755.314044,138.936398
755.441073,138.466061
755.568102,138.466061
755.695131,138.551577
755.822159,138.551577
755.949188,138.551577
756.076217,138.551577
756.203246,138.551577
756.330275,138.551577
756.457304,138.551577
756.584333,138.508819
756.711362,138.466061
756.838391,138.423303
756.965420,137.525387
757.092449,137.482630
757.219478,137.439872
757.346507,137.397114
757.473536,137.268840
757.600565,137.226082
757.727594,136.242651
757.854622,136.242651
757.981651,136.242651
758.108680,136.242651
758.235709,134.361304
758.362738,134.361304
758.489767,134.361304
758.616796,134.361304
758.743825,134.361304
758.870854,134.361304
758.997883,134.361304
759.124912,134.361304
759.251941,134.361304
759.378970,134.361304
759.505999,136.157135
759.633028,136.157135
759.760056,136.242651
759.887085,136.242651
760.014114,138.123998
760.141143,138.123998
760.268172,138.209514
760.395201,138.209514
760.522230,138.209514
760.649259,138.209514
760.776288,138.209514
760.903317,138.209514
761.030346,138.209514
761.157375,138.209514
761.284404,138.209514
761.411433,138.209514
761.538462,138.209514
761.665490,138.209514
761.792519,138.209514
761.919548,138.209514
762.046577,137.867451
762.173606,137.867451
762.300635,137.439872
762.427664,137.439872
762.554693,137.012293
762.681722,137.012293
762.808751,137.012293
762.935780,137.012293
763.062809,134.190273
763.189838,134.190273
763.316867,134.190273
763.443896,134.190273
763.570924,134.190273
763.697953,134.190273
763.824982,134.104757
763.952011,134.104757
764.079040,134.104757
764.206069,134.104757
764.333098,134.190273
764.460127,134.190273
764.587156,136.413683
764.714185,136.413683
764.841214,136.413683
764.968243,136.413683
765.095272,136.413683
765.222301,136.413683
765.349330,136.413683
765.476359,136.413683
765.603387,137.696419
765.730416,137.696419
765.857445,137.781935
765.984474,137.781935
766.111503,137.781935
766.238532,137.781935
766.365561,137.781935
766.492590,137.781935
766.619619,137.781935
766.746648,137.781935
766.873677,137.781935
767.000706,137.781935
767.127735,137.610903
767.254764,137.610903
767.381793,137.268840
767.508821,137.268840
767.635850,137.268840
767.762879,137.268840
767.889908,137.183324
768.016937,137.183324
768.270995,135.986104
768.398024,135.986104
768.525053,135.986104
769.160198,136.242651
769.287227,136.242651
769.414255,136.242651
769.541284,136.242651
769.668313,136.926777
769.795342,136.926777
769.922371,138.808124
770.049400,138.808124
770.176429,138.979156
770.303458,138.979156
770.430487,138.979156
770.557516,138.979156
770.684545,139.321219
770.811574,139.321219
770.938603,139.321219
771.065632,139.321219
771.192661,139.321219
771.319689,139.321219
771.446718,139.321219
771.573747,139.321219
771.700776,139.321219
771.827805,139.321219
771.954834,141.972207
772.081863,141.972207
772.208892,142.057723
772.335921,142.057723
772.462950,142.057723
772.589979,142.057723
772.717008,143.254944
772.844037,143.254944
772.971066,143.340460
773.098095,143.340460
773.225124,143.768038
773.352152,143.768038
773.479181,143.768038
773.606210,143.768038
773.733239,144.537680
773.860268,144.537680
773.987297,144.537680
774.114326,144.537680
774.241355,147.787280
774.368384,147.787280
774.495413,148.898985
774.622442,148.898985
774.749471,148.898985
774.876500,148.898985
775.003529,148.898985
775.130558,148.898985
775.257586,148.898985
775.384615,148.898985
775.511644,148.898985
775.638673,148.898985
775.765702,147.616248
775.892731,147.616248
776.019760,148.129343
776.146789,148.129343
776.273818,148.129343
776.400847,148.129343
776.527876,148.129343
776.654905,148.129343
776.781934,148.129343
776.908963,148.129343
777.035992,148.129343
777.163020,148.129343
777.290049,148.129343
777.417078,148.129343
777.544107,144.537680
777.671136,144.537680
777.798165,144.537680
777.925194,144.537680
778.052223,144.537680
778.179252,144.537680
778.306281,144.537680
778.433310,144.537680
778.560339,143.768038
778.687368,143.768038
778.814397,143.254944
778.941426,143.254944
779.068454,143.511491
779.195483,143.511491
779.322512,143.597007
779.449541,143.597007
779.576570,143.768038
779.703599,143.768038
779.830628,144.537680
779.957657,144.537680
780.084686,144.537680
780.211715,144.537680
780.338744,144.537680
780.465773,144.537680
780.592802,144.537680
780.719831,144.537680
780.846860,144.537680
780.973888,144.537680
781.100917,146.333511
781.227946,146.333511
781.354975,146.333511
781.482004,146.333511
781.609033,147.103153
781.736062,147.103153
781.863091,147.103153
781.990120,147.103153
782.117149,147.274185
782.244178,147.274185
782.371207,147.359701
782.498236,147.359701
782.625265,147.359701
782.752294,147.359701
782.879323,147.359701
783.006351,147.359701
783.133380,147.359701
783.260409,147.359701
783.387438,147.274185
783.514467,147.274185
783.641496,146.846606
783.768525,146.846606
783.895554,146.846606
784.022583,146.846606
784.149612,147.103153
784.276641,147.103153
784.403670,147.103153
784.530699,147.103153
784.657728,147.103153
784.784757,147.103153
784.911785,147.103153
788.976711,144.537680
789.103740,144.537680
789.230769,144.537680
789.357798,144.537680
789.484827,144.537680
789.611856,144.537680
789.738885,144.537680
789.865914,144.537680
789.992943,144.537680
790.119972,144.537680
790.247001,144.537680
790.374030,144.537680
790.501059,144.452165
790.628088,144.452165
790.755116,143.939070
790.882145,143.939070
791.009174,143.511491
791.136203,143.511491
791.263232,143.425975
791.390261,143.425975
791.517290,144.537680
791.644319,144.537680
791.771348,144.537680
791.898377,144.537680
792.025406,144.537680
792.152435,144.537680
792.279464,144.537680
792.406493,144.537680
792.533522,144.537680
792.660550,144.537680
792.787579,144.537680
792.914608,144.537680
793.041637,144.537680
793.168666,144.537680
793.295695,144.024586
793.422724,144.024586
793.549753,144.452165
793.676782,144.452165
793.803811,144.537680
793.930840,144.537680
794.057869,144.537680
794.184898,144.537680
794.311927,146.333511
794.438956,146.333511
794.565984,146.761090
794.693013,146.761090
794.820042,146.846606
794.947071,146.846606
795.074100,146.846606
795.201129,146.846606
795.328158,146.846606
795.455187,146.846606
795.582216,146.846606
795.709245,146.846606
795.836274,146.846606
795.963303,146.846606
796.090332,146.590059
796.217361,146.590059
796.344390,147.787280
796.471418,147.787280
796.598447,148.129343
796.725476,148.129343
796.852505,148.129343
796.979534,148.129343
797.106563,148.129343
797.233592,148.129343
797.360621,148.129343
797.487650,148.129343
797.614679,148.129343
797.741708,148.129343
797.868737,148.129343
797.995766,148.129343
798.122795,148.129343
798.249824,148.129343
798.376853,148.129343
798.503881,148.129343
798.630910,148.129343
798.757939,148.129343
798.884968,149.583111
799.011997,149.583111
799.139026,149.583111
799.266055,149.583111
799.393084,149.583111
799.520113,149.583111
799.647142,149.583111
799.774171,149.583111
799.901200,149.583111
800.028229,149.583111
800.155258,149.583111
800.282287,149.583111
800.409315,149.583111
800.536344,149.583111
800.663373,149.583111
800.790402,149.583111
800.917431,149.583111
801.044460,149.583111
801.171489,149.583111
801.298518,149.583111
801.425547,149.583111
801.552576,149.583111
801.679605,149.583111
801.806634,149.583111
801.933663,149.583111
802.060692,149.583111
802.187721,149.583111
802.314749,149.583111
802.441778,149.583111
802.568807,149.583111
802.695836,149.583111
802.822865,149.583111
802.949894,149.583111
803.076923,149.583111
803.203952,147.103153
803.330981,147.103153
803.458010,147.274185
803.585039,147.274185
803.712068,147.872795
803.839097,147.872795
803.966126,147.872795
804.093155,147.872795
804.220183,147.872795
804.347212,147.872795
804.474241,149.155532
804.601270,149.155532
804.728299,149.155532
804.855328,149.155532
804.982357,149.241048
805.109386,149.241048
805.236415,149.412079
805.363444,149.412079
805.490473,149.412079
805.617502,149.412079
805.744531,149.412079
805.871560,149.412079
805.998589,149.412079
806.125618,149.412079
806.252646,149.412079
806.379675,149.412079
806.506704,148.898985
806.633733,148.898985
806.760762,148.898985
806.887791,148.898985
807.014820,148.898985
807.141849,148.898985
807.268878,152.148584
807.395907,152.148584
807.522936,152.148584
807.649965,152.148584
807.776994,152.148584
807.904023,152.148584
808.031052,152.148584
808.158080,152.148584
808.285109,152.148584
808.412138,152.148584
808.539167,152.063068
808.666196,152.063068
809.047283,151.293426
809.174312,151.293426
809.301341,151.464458
809.428370,151.464458
809.555399,151.464458
809.682428,151.464458
809.809457,151.464458
809.936486,151.464458
810.063514,151.464458
810.190543,151.464458
810.317572,151.378942
810.444601,151.378942
810.571630,149.583111
810.698659,149.583111
810.825688,149.583111
810.952717,149.583111
811.079746,149.583111
811.206775,149.583111
812.095977,151.293426
812.223006,151.293426
812.350035,151.464458
812.477064,151.464458
812.604093,151.464458
812.731122,151.464458
812.858151,151.464458
812.985180,151.464458
813.112209,151.464458
813.239238,151.464458
813.366267,151.378942
813.493296,151.378942
813.620325,149.583111
813.747354,149.583111
813.874382,149.583111
814.001411,149.583111
814.128440,149.583111
814.255469,149.583111
814.382498,149.583111
814.509527,149.583111
814.636556,149.583111
814.763585,149.583111
814.890614,149.583111
815.017643,149.583111
815.144672,149.583111
815.271701,149.583111
815.906845,151.635489
816.033874,151.635489
816.160903,151.721005
816.287932,151.721005
816.414961,151.721005
816.541990,151.721005
816.669019,151.721005
816.796048,151.721005
816.923077,151.721005
817.050106,151.721005
817.177135,151.721005
817.304164,151.721005
817.431193,151.635489
817.558222,151.635489
817.685251,149.583111
817.812279,149.583111
817.939308,149.583111
818.066337,149.583111
818.193366,149.583111
818.320395,149.583111
818.447424,149.583111
818.574453,149.583111
818.701482,149.583111
818.828511,149.583111
818.955540,149.583111
819.082569,149.583111
819.209598,149.583111
819.336627,149.583111
819.463656,149.583111
819.590685,149.583111
819.717713,149.583111
819.844742,149.583111
819.971771,149.583111
820.098800,149.583111
820.225829,149.583111
820.352858,149.583111
820.479887,149.583111
820.606916,149.583111
820.733945,149.583111
820.860974,149.583111
820.988003,149.583111
821.115032,149.583111
821.242061,149.583111
821.369090,149.583111
822.004234,149.497595
822.131263,149.497595
822.258292,149.583111
822.385321,149.583111
822.512350,149.583111
822.639379,149.583111
822.766408,149.583111
822.893437,149.583111
823.020466,149.583111
823.147495,149.583111
823.274524,149.583111
823.401553,149.583111
823.528582,149.583111
823.655610,149.583111
823.782639,149.583111
823.909668,149.583111
824.036697,149.583111
824.163726,149.583111
824.290755,149.583111
824.417784,149.583111
824.544813,149.155532
824.671842,149.155532
824.798871,149.155532
824.925900,149.155532
825.306987,148.556921
825.434016,148.556921
825.561044,149.070016
825.688073,149.070016
825.815102,149.155532
825.942131,149.155532
826.069160,149.155532
826.196189,149.155532
826.323218,149.155532
826.450247,149.155532
826.577276,149.155532
826.704305,149.155532
826.831334,149.070016
826.958363,149.070016
827.085392,148.642437
827.212421,148.642437
827.339450,148.642437
827.466478,148.642437
827.593507,147.701764
827.720536,147.701764
827.847565,148.642437
827.974594,148.642437
828.101623,148.642437
828.228652,148.642437
828.355681,148.642437
828.482710,148.642437
828.609739,148.642437
828.736768,148.642437
828.863797,148.813469
828.990826,148.813469
829.117855,149.155532
829.244884,149.155532
829.371912,149.155532
829.498941,149.155532
829.625970,149.155532
829.752999,149.155532
829.880028,149.155532
830.007057,149.155532
830.134086,149.155532
830.261115,149.155532
830.388144,149.155532
830.515173,149.155532
830.642202,149.155532
830.769231,149.155532
830.896260,149.070016
831.023289,149.070016
831.150318,148.471406
831.277347,148.471406
831.404375,148.385890
831.531404,148.385890
831.658433,148.129343
831.785462,148.129343
831.912491,147.872795
832.039520,147.872795
832.166549,147.787280
832.293578,147.787280
832.420607,147.958311
832.547636,147.958311
832.674665,148.129343
832.801694,148.129343
832.928723,148.129343
833.055752,148.129343
833.182781,148.129343
833.309809,148.129343
833.436838,148.129343
833.563867,148.129343
833.690896,147.958311
833.817925,147.958311
833.944954,147.872795
834.071983,147.872795
834.199012,147.872795
834.326041,147.872795
834.453070,147.872795
834.580099,147.872795
834.707128,148.385890
834.834157,148.385890
834.961186,148.385890
835.088215,148.385890
835.215243,148.385890
835.342272,148.385890
835.469301,148.385890
835.596330,148.385890
835.723359,148.385890
835.850388,148.385890
835.977417,148.385890
836.104446,148.385890
836.231475,148.385890
836.358504,148.385890
836.485533,148.385890
836.612562,148.385890
836.739591,148.385890
836.866620,148.385890
836.993649,148.385890
837.120677,148.385890
837.247706,149.070016
837.374735,149.070016
837.501764,149.070016
837.628793,149.070016
837.755822,149.070016
837.882851,149.070016
838.009880,149.155532
838.136909,149.155532
838.263938,149.155532
838.390967,149.155532
838.517996,149.155532
838.645025,149.155532
838.772054,149.155532
838.899083,149.155532
839.026112,148.385890
839.153140,148.385890
839.280169,148.300374
839.407198,148.300374
839.534227,147.616248
839.661256,147.659006
839.788285,147.787280
839.915314,147.830037
840.042343,147.872795
840.169372,147.915553
840.296401,148.043827
840.423430,148.086585
840.550459,148.129343
840.677488,148.129343
840.804517,148.129343
840.931546,148.129343
841.058574,148.129343
841.185603,148.129343
841.312632,148.129343
841.439661,148.129343
841.566690,148.129343
841.693719,148.129343
841.820748,147.616248
841.947777,147.616248
842.074806,147.616248
846.139732,149.070016
846.266761,149.070016
846.393790,149.070016
846.520819,149.070016
846.647848,149.070016
846.774876,149.070016
846.901905,149.070016
847.028934,149.070016
847.282992,147.573490
847.410021,147.787280
847.537050,147.830037
847.664079,147.872795
847.791108,149.112774
847.918137,149.583111
848.045166,149.583111
848.172195,149.583111
848.299224,149.583111
848.426253,149.583111
848.553282,149.583111
848.680311,149.583111
848.807339,149.583111
848.934368,149.583111
849.061397,149.583111
849.188426,149.583111
849.315455,149.583111
849.442484,149.583111
849.569513,149.583111
849.696542,149.583111
849.823571,149.583111
849.950600,149.583111
850.077629,149.583111
850.204658,149.583111
850.331687,149.583111
850.458716,149.583111
850.585745,149.583111
850.712773,149.583111
850.839802,149.583111
850.966831,148.727953
851.093860,148.770711
851.220889,148.813469
851.347918,148.813469
851.474947,148.813469
851.601976,148.813469
851.729005,148.813469
851.856034,148.941742
851.983063,149.583111
852.110092,149.583111
852.237121,149.583111
852.364150,149.583111
852.491179,149.583111
852.618207,149.583111
852.745236,149.583111
852.872265,149.583111
852.999294,149.583111
853.126323,149.583111
853.253352,149.583111
853.380381,149.583111
853.507410,149.583111
853.634439,149.583111
853.761468,148.642437
853.888497,148.642437
854.015526,147.359701
854.142555,147.359701
854.269584,147.359701
854.396613,147.359701
854.523641,147.359701
854.650670,147.359701
854.777699,147.359701
854.904728,147.359701
855.031757,146.846606
855.158786,146.846606
855.285815,146.846606
855.412844,146.846606
855.539873,146.846606
855.666902,146.846606
855.793931,146.675575
855.920960,146.675575
856.047989,146.590059
856.175018,146.632817
856.302047,147.359701
856.429076,147.359701
856.556104,147.359701
856.683133,147.359701
856.810162,147.359701
856.937191,147.359701
857.064220,147.359701
857.191249,147.359701
857.318278,147.359701
857.445307,147.359701
857.572336,147.274185
857.699365,147.274185
857.826394,144.537680
857.953423,144.537680
858.080452,144.537680
858.207481,144.537680
858.334510,144.537680
858.461538,144.537680
858.588567,144.537680
858.715596,144.537680
858.842625,143.083912
858.969654,143.083912
859.096683,141.288081
859.223712,141.288081
859.350741,141.288081
859.477770,141.288081
859.604799,139.321219
859.731828,139.321219
859.858857,138.722608
859.985886,138.722608
860.112915,138.722608
860.239944,138.722608
860.366972,138.722608
860.494001,138.722608
860.621030,138.466061
860.748059,138.466061
860.875088,138.466061
861.002117,138.508819
861.129146,138.551577
861.256175,138.594335
861.383204,138.808124
861.510233,138.850882
861.637262,138.979156
861.764291,139.021913
861.891320,141.630144
862.018349,141.672902
862.145378,142.057723
862.272406,142.057723
862.399435,142.057723
862.526464,142.100481
862.653493,142.314270
862.780522,142.314270
862.907551,142.314270
863.034580,142.357028
863.161609,143.425975
863.288638,143.468733
863.415667,143.597007
863.542696,143.639765
863.669725,144.024586
863.796754,144.067344
863.923783,144.537680
864.050812,144.537680
864.177841,144.537680
864.304869,144.537680
864.431898,144.537680
864.558927,144.537680
864.685956,144.537680
864.812985,144.537680
864.940014,144.537680
865.067043,144.537680
865.702188,146.247996
865.829217,146.290754
865.956246,146.333511
866.083275,146.376269
866.210303,146.419027
866.337332,146.461785
866.464361,147.274185
866.591390,147.316943
866.718419,147.530732
866.845448,147.573490
866.972477,147.616248
867.099506,147.616248
867.226535,147.616248
867.353564,147.616248
867.480593,147.616248
867.607622,147.659006
867.734651,148.385890
867.861680,148.385890
867.988709,148.385890
868.115737,148.385890
868.242766,148.385890
868.369795,148.385890
868.496824,148.385890
868.623853,148.385890
868.750882,148.385890
868.877911,148.385890
869.004940,148.385890
869.131969,148.385890
869.258998,148.385890
869.386027,148.385890
869.513056,148.385890
869.640085,148.385890
869.767114,147.530732
869.894143,147.530732
870.021171,147.274185
870.148200,147.274185
870.275229,147.274185
870.402258,147.316943
870.529287,148.556921
870.656316,148.556921
870.783345,148.556921
870.910374,148.556921
871.037403,148.556921
871.164432,148.556921
871.291461,148.556921
871.418490,148.556921
871.545519,148.556921
871.672548,148.556921
871.799577,148.471406
871.926606,148.471406
872.053634,147.872795
872.180663,147.915553
872.307692,148.129343
872.434721,148.129343
872.561750,148.129343
872.688779,148.129343
872.815808,148.129343
872.942837,148.172100
873.069866,148.300374
873.196895,148.343132
873.323924,148.385890
873.450953,148.428648
873.577982,149.583111
873.705011,149.583111
873.832040,149.583111
873.959068,149.583111
874.086097,149.583111
874.213126,149.583111
874.340155,149.583111
874.467184,149.583111
874.594213,149.583111
874.721242,149.583111
874.848271,149.583111
874.975300,149.583111
875.102329,149.583111
875.229358,149.583111
875.356387,149.583111
875.483416,149.583111
875.610445,149.583111
875.737474,149.583111
875.864502,148.642437
875.991531,148.642437
876.118560,148.642437
876.245589,148.642437
876.372618,148.385890
876.499647,148.385890
876.626676,147.274185
876.753705,147.316943
876.880734,147.359701
877.007763,147.359701
877.134792,147.359701
877.261821,147.359701
877.388850,147.359701
877.515879,147.359701
877.642908,147.359701
877.769936,147.359701
877.896965,147.359701
878.023994,147.359701
878.151023,147.188669
878.278052,147.188669
878.405081,143.511491
878.532110,143.511491
878.659139,143.511491
878.786168,143.511491
878.913197,143.511491
879.040226,143.511491
879.167255,143.340460
879.294284,143.383218
879.421313,144.024586
879.548342,144.024586
879.675371,144.024586
879.802399,144.067344
879.929428,144.195617
880.056457,144.238375
880.183486,144.281133
880.310515,144.281133
880.437544,144.281133
880.564573,144.281133
880.691602,144.281133
880.818631,144.281133
880.945660,144.281133
881.072689,144.323891
881.199718,144.537680
881.326747,144.537680
881.453776,144.537680
881.580805,144.537680
881.707833,144.537680
881.834862,144.537680
881.961891,144.537680
882.088920,144.537680
882.215949,144.537680
882.342978,144.537680
882.470007,144.537680
882.597036,144.537680
882.724065,144.537680
882.851094,144.537680
882.978123,144.537680
883.105152,144.537680
883.232181,146.333511
883.359210,146.333511
883.486239,146.333511
883.613267,146.333511
883.740296,146.333511
883.867325,146.333511
883.994354,146.333511
884.121383,146.333511
884.248412,146.333511
884.375441,146.333511
884.502470,146.333511
884.629499,146.333511
884.756528,146.247996
884.883557,146.247996
885.010586,144.537680
885.137615,144.537680
885.264644,144.537680
885.391673,144.537680
885.518701,144.537680
885.645730,144.537680
885.772759,144.537680
885.899788,144.537680
887.043049,144.537680
887.170078,144.537680
887.297107,144.537680
887.424135,144.537680
887.551164,144.537680
887.678193,144.537680
887.805222,144.537680
887.932251,144.537680
888.059280,144.537680
888.186309,144.537680
888.313338,144.537680
888.440367,144.537680
888.567396,144.537680
888.694425,144.537680
888.821454,144.537680
888.948483,144.537680
889.075512,144.366649
889.202541,144.366649
889.837685,144.195617
889.964714,144.238375
890.091743,144.366649
890.218772,144.366649
890.345801,144.366649
890.472830,144.366649
890.599859,144.366649
890.726888,144.409407
890.853917,144.537680
890.980946,144.537680
891.107975,146.504543
891.235004,146.547301
891.362032,146.590059
891.489061,146.590059
891.616090,146.590059
891.743119,146.590059
891.870148,146.590059
891.997177,146.590059
892.124206,146.590059
892.251235,146.590059
892.378264,146.590059
892.505293,146.590059
892.632322,146.590059
892.759351,146.632817
892.886380,146.846606
893.013409,146.889364
893.140438,147.787280
893.267466,147.830037
893.394495,147.830037
893.521524,147.830037
893.648553,148.727953
893.775582,148.770711
893.902611,149.070016
894.029640,149.070016
894.156669,149.070016
894.283698,149.070016
894.410727,151.635489
894.537756,151.678247
894.664785,151.678247
894.791814,151.678247
894.918843,151.678247
895.045872,151.678247
895.172900,151.678247
895.299929,151.678247
895.426958,151.635489
895.553987,151.635489
895.681016,151.378942
895.808045,151.378942
895.935074,151.378942
896.062103,151.421700
896.189132,151.464458
896.316161,151.507215
896.443190,151.635489
896.570219,151.635489
896.697248,151.635489
896.824277,151.635489
896.951306,151.635489
897.078335,151.635489
897.205363,151.635489
897.332392,151.635489
897.459421,151.549973
897.586450,151.549973
